time,latitude,longitude,depth,magType,nst,gap,dmin,rms,net,id,updated,place,type,horizontalError,depthError,magError,magNst,status,locationSource,magSource
,-4.9263,-81.2162,,,,,,,,,,,,,,,,,,
,-4.9285,-81.2156,,,,,,,,,,,,,,,,,,
,-4.9304,-81.214999,,,,,,,,,,,,,,,,,,
,-4.9323,-81.214099,,,,,,,,,,,,,,,,,,
,-4.9336,-81.213399,,,,,,,,,,,,,,,,,,
,-4.9346,-81.2128,,,,,,,,,,,,,,,,,,
,-4.9355,-81.2123,,,,,,,,,,,,,,,,,,
,-4.9363,-81.2117,,,,,,,,,,,,,,,,,,
,-4.9372,-81.211,,,,,,,,,,,,,,,,,,
,-4.9375,-81.210399,,,,,,,,,,,,,,,,,,
,-4.988194,-81.165556,,,,,,,,,,,,,,,,,,
,-4.990694,-81.165,,,,,,,,,,,,,,,,,,
,-4.993194,-81.164722,,,,,,,,,,,,,,,,,,
,-4.994306,-81.164722,,,,,,,,,,,,,,,,,,
,-4.995417,-81.164722,,,,,,,,,,,,,,,,,,
,-4.996528,-81.164722,,,,,,,,,,,,,,,,,,
,-4.999306,-81.156944,,,,,,,,,,,,,,,,,,
,-5.000972,-81.156944,,,,,,,,,,,,,,,,,,
,-5.002361,-81.157222,,,,,,,,,,,,,,,,,,
,-5.004028,-81.157222,,,,,,,,,,,,,,,,,,
,-5.005694,-81.157222,,,,,,,,,,,,,,,,,,
,-5.007083,-81.1575,,,,,,,,,,,,,,,,,,
,-5.009028,-81.1575,,,,,,,,,,,,,,,,,,
,-5.010417,-81.1575,,,,,,,,,,,,,,,,,,
,-5.012083,-81.1575,,,,,,,,,,,,,,,,,,
,-4.970972,-81.183333,,,,,,,,,,,,,,,,,,
,-4.973194,-81.182222,,,,,,,,,,,,,,,,,,
,-4.974861,-81.181667,,,,,,,,,,,,,,,,,,
,-4.975972,-81.181111,,,,,,,,,,,,,,,,,,
,-4.977083,-81.180556,,,,,,,,,,,,,,,,,,
,-4.978472,-81.180278,,,,,,,,,,,,,,,,,,
,-4.979306,-81.179722,,,,,,,,,,,,,,,,,,
,-4.980417,-81.179167,,,,,,,,,,,,,,,,,,
,-4.98125,-81.178611,,,,,,,,,,,,,,,,,,
,-4.99625,-81.155278,,,,,,,,,,,,,,,,,,
,-4.997917,-81.154444,,,,,,,,,,,,,,,,,,
,-4.999583,-81.153889,,,,,,,,,,,,,,,,,,
,-5.00125,-81.153333,,,,,,,,,,,,,,,,,,
,-5.002917,-81.152778,,,,,,,,,,,,,,,,,,
,-5.004583,-81.152222,,,,,,,,,,,,,,,,,,
,-5.00625,-81.151667,,,,,,,,,,,,,,,,,,
,-5.005694,-81.148611,,,,,,,,,,,,,,,,,,
,-5.007361,-81.148056,,,,,,,,,,,,,,,,,,
,-5.009583,-81.144444,,,,,,,,,,,,,,,,,,
,-4.985694,-81.179444,,,,,,,,,,,,,,,,,,
,-4.988194,-81.178889,,,,,,,,,,,,,,,,,,
,-4.990417,-81.178056,,,,,,,,,,,,,,,,,,
,-4.991528,-81.177778,,,,,,,,,,,,,,,,,,
,-4.992917,-81.177222,,,,,,,,,,,,,,,,,,
,-4.994028,-81.176944,,,,,,,,,,,,,,,,,,
,-5.659583,-81.019722,,,,,,,,,,,,,,,,,,
,-5.66125,-81.018889,,,,,,,,,,,,,,,,,,
,-5.662639,-81.018889,,,,,,,,,,,,,,,,,,
,-5.663472,-81.019167,,,,,,,,,,,,,,,,,,
,-5.664861,-81.019167,,,,,,,,,,,,,,,,,,
,-5.665694,-81.019167,,,,,,,,,,,,,,,,,,
,-5.66625,-81.019167,,,,,,,,,,,,,,,,,,
,-5.011806,-81.155556,,,,,,,,,,,,,,,,,,
,-5.012639,-81.155278,,,,,,,,,,,,,,,,,,
,-5.013194,-81.154722,,,,,,,,,,,,,,,,,,
,-5.013472,-81.154167,,,,,,,,,,,,,,,,,,
,-5.013472,-81.153889,,,,,,,,,,,,,,,,,,
,-5.013472,-81.153611,,,,,,,,,,,,,,,,,,
,-5.004583,-81.164722,,,,,,,,,,,,,,,,,,
,-5.005417,-81.164167,,,,,,,,,,,,,,,,,,
,-5.00625,-81.163333,,,,,,,,,,,,,,,,,,
,-5.006528,-81.163056,,,,,,,,,,,,,,,,,,
,-5.007083,-81.1625,,,,,,,,,,,,,,,,,,
,-5.007361,-81.1625,,,,,,,,,,,,,,,,,,
,-5.007361,-81.1625,,,,,,,,,,,,,,,,,,
,-5.002361,-81.142778,,,,,,,,,,,,,,,,,,
,-5.003194,-81.1425,,,,,,,,,,,,,,,,,,
,-5.004306,-81.1425,,,,,,,,,,,,,,,,,,
,-5.005139,-81.1425,,,,,,,,,,,,,,,,,,
,-5.005417,-81.1425,,,,,,,,,,,,,,,,,,
,-5.00625,-81.142778,,,,,,,,,,,,,,,,,,
,-5.006528,-81.143056,,,,,,,,,,,,,,,,,,
,-4.9488,-81.2101,,,,,,,,,,,,,,,,,,
,-4.9497,-81.209999,,,,,,,,,,,,,,,,,,
,-4.9504,-81.209999,,,,,,,,,,,,,,,,,,
,-4.9509,-81.209799,,,,,,,,,,,,,,,,,,
,-4.9516,-81.2094,,,,,,,,,,,,,,,,,,
,-4.9523,-81.209099,,,,,,,,,,,,,,,,,,
,-4.9529,-81.2088,,,,,,,,,,,,,,,,,,
,-4.9533,-81.208399,,,,,,,,,,,,,,,,,,
,-4.9539,-81.207699,,,,,,,,,,,,,,,,,,
,-5.0141,-81.144799,,,,,,,,,,,,,,,,,,
,-5.0147,-81.1433,,,,,,,,,,,,,,,,,,
,-5.0152,-81.141799,,,,,,,,,,,,,,,,,,
,-5.0151,-81.1411,,,,,,,,,,,,,,,,,,
,-5.0153,-81.140499,,,,,,,,,,,,,,,,,,
,-5.0155,-81.1401,,,,,,,,,,,,,,,,,,
,-5.0156,-81.1395,,,,,,,,,,,,,,,,,,
,-5.0155,-81.139,,,,,,,,,,,,,,,,,,
,-5.0155,-81.138899,,,,,,,,,,,,,,,,,,
,-5.0151,-81.139099,,,,,,,,,,,,,,,,,,
,-5.0116,-81.147299,,,,,,,,,,,,,,,,,,
,-5.012,-81.1464,,,,,,,,,,,,,,,,,,
,-5.0125,-81.1458,,,,,,,,,,,,,,,,,,
,-5.0129,-81.145699,,,,,,,,,,,,,,,,,,
,-5.0131,-81.145899,,,,,,,,,,,,,,,,,,
,-5.0136,-81.1456,,,,,,,,,,,,,,,,,,
,-5.0139,-81.1456,,,,,,,,,,,,,,,,,,
,-5.6798,-80.982199,,,,,,,,,,,,,,,,,,
,-5.6776,-80.9837,,,,,,,,,,,,,,,,,,
,-5.6779,-80.9837,,,,,,,,,,,,,,,,,,
,-5.6782,-80.9837,,,,,,,,,,,,,,,,,,
,-5.6787,-80.9837,,,,,,,,,,,,,,,,,,
,-5.6792,-80.9836,,,,,,,,,,,,,,,,,,
,-5.68,-80.9839,,,,,,,,,,,,,,,,,,
,-5.681,-80.9841,,,,,,,,,,,,,,,,,,
,-5.6595,-81.0221,,,,,,,,,,,,,,,,,,
,-5.6609,-81.021799,,,,,,,,,,,,,,,,,,
,-5.6618,-81.0217,,,,,,,,,,,,,,,,,,
,-5.6632,-81.0213,,,,,,,,,,,,,,,,,,
,-5.6644,-81.0212,,,,,,,,,,,,,,,,,,
,-5.6657,-81.0217,,,,,,,,,,,,,,,,,,
,-5.6667,-81.0219,,,,,,,,,,,,,,,,,,
,-5.668,-81.021999,,,,,,,,,,,,,,,,,,
,-5.6689,-81.021799,,,,,,,,,,,,,,,,,,
,-5.6345,-80.990099,,,,,,,,,,,,,,,,,,
,-5.6363,-80.9895,,,,,,,,,,,,,,,,,,
,-5.6378,-80.988999,,,,,,,,,,,,,,,,,,
,-5.6388,-80.9893,,,,,,,,,,,,,,,,,,
,-5.6397,-80.989199,,,,,,,,,,,,,,,,,,
,-5.6405,-80.9891,,,,,,,,,,,,,,,,,,
,-5.6414,-80.988499,,,,,,,,,,,,,,,,,,
,-5.620694,-81.006667,,,,,,,,,,,,,,,,,,
,-5.622361,-81.006667,,,,,,,,,,,,,,,,,,
,-5.624028,-81.006389,,,,,,,,,,,,,,,,,,
,-5.625694,-81.006389,,,,,,,,,,,,,,,,,,
,-5.626806,-81.006389,,,,,,,,,,,,,,,,,,
,-5.627917,-81.006389,,,,,,,,,,,,,,,,,,
,-5.628472,-81.006389,,,,,,,,,,,,,,,,,,
,-5.628472,-81.006111,,,,,,,,,,,,,,,,,,
,-5.653472,-81.031389,,,,,,,,,,,,,,,,,,
,-5.655972,-81.030833,,,,,,,,,,,,,,,,,,
,-5.657917,-81.030556,,,,,,,,,,,,,,,,,,
,-5.659306,-81.030833,,,,,,,,,,,,,,,,,,
,-5.660417,-81.031389,,,,,,,,,,,,,,,,,,
,-5.66125,-81.031111,,,,,,,,,,,,,,,,,,
,-5.009306,-81.138333,,,,,,,,,,,,,,,,,,
,-5.010694,-81.137222,,,,,,,,,,,,,,,,,,
,-5.012083,-81.136389,,,,,,,,,,,,,,,,,,
,-5.013194,-81.135556,,,,,,,,,,,,,,,,,,
,-5.014306,-81.135,,,,,,,,,,,,,,,,,,
,-5.015417,-81.134444,,,,,,,,,,,,,,,,,,
,-5.016528,-81.133889,,,,,,,,,,,,,,,,,,
,-5.647917,-81.035833,,,,,,,,,,,,,,,,,,
,-5.649583,-81.035,,,,,,,,,,,,,,,,,,
,-5.65125,-81.034167,,,,,,,,,,,,,,,,,,
,-5.652917,-81.033333,,,,,,,,,,,,,,,,,,
,-5.654861,-81.0325,,,,,,,,,,,,,,,,,,
,-5.656528,-81.0325,,,,,,,,,,,,,,,,,,
,-5.657639,-81.032778,,,,,,,,,,,,,,,,,,
,-5.659028,-81.033056,,,,,,,,,,,,,,,,,,
,-5.659861,-81.032778,,,,,,,,,,,,,,,,,,
,-5.635972,-80.978611,,,,,,,,,,,,,,,,,,
,-5.637917,-80.978611,,,,,,,,,,,,,,,,,,
,-5.639583,-80.978611,,,,,,,,,,,,,,,,,,
,-5.640972,-80.979444,,,,,,,,,,,,,,,,,,
,-5.642083,-80.98,,,,,,,,,,,,,,,,,,
,-5.643194,-80.980278,,,,,,,,,,,,,,,,,,
,-5.64375,-80.98,,,,,,,,,,,,,,,,,,
,-5.615694,-81.026389,,,,,,,,,,,,,,,,,,
,-5.617361,-81.025833,,,,,,,,,,,,,,,,,,
,-5.61875,-81.025,,,,,,,,,,,,,,,,,,
,-5.619583,-81.024444,,,,,,,,,,,,,,,,,,
,-5.620139,-81.024722,,,,,,,,,,,,,,,,,,
,-5.620417,-81.024444,,,,,,,,,,,,,,,,,,
,-5.620417,-81.024167,,,,,,,,,,,,,,,,,,
,-5.620694,-81.023611,,,,,,,,,,,,,,,,,,
,-5.617917,-80.978333,,,,,,,,,,,,,,,,,,
,-5.620694,-80.978889,,,,,,,,,,,,,,,,,,
,-5.622917,-80.979167,,,,,,,,,,,,,,,,,,
,-5.624028,-80.979722,,,,,,,,,,,,,,,,,,
,-5.625417,-80.98,,,,,,,,,,,,,,,,,,
,-5.62625,-80.98,,,,,,,,,,,,,,,,,,
,-5.627917,-80.979167,,,,,,,,,,,,,,,,,,
,-5.636528,-80.971944,,,,,,,,,,,,,,,,,,
,-5.641528,-80.966944,,,,,,,,,,,,,,,,,,
,-5.64375,-80.961944,,,,,,,,,,,,,,,,,,
,-5.709028,-80.933611,,,,,,,,,,,,,,,,,,
,-5.70875,-80.933889,,,,,,,,,,,,,,,,,,
,-5.70875,-80.933889,,,,,,,,,,,,,,,,,,
,-5.70875,-80.933889,,,,,,,,,,,,,,,,,,
,-5.70875,-80.933889,,,,,,,,,,,,,,,,,,
,-5.70875,-80.933889,,,,,,,,,,,,,,,,,,
,-5.70875,-80.933889,,,,,,,,,,,,,,,,,,
,-5.70875,-80.933889,,,,,,,,,,,,,,,,,,
,-5.70875,-80.933889,,,,,,,,,,,,,,,,,,
,-5.70875,-80.933889,,,,,,,,,,,,,,,,,,
,-5.70875,-80.933889,,,,,,,,,,,,,,,,,,
,-5.70875,-80.933889,,,,,,,,,,,,,,,,,,
,-5.70875,-80.933889,,,,,,,,,,,,,,,,,,
,-5.70875,-80.933889,,,,,,,,,,,,,,,,,,
,-5.70875,-80.933889,,,,,,,,,,,,,,,,,,
,-5.709028,-80.933889,,,,,,,,,,,,,,,,,,
,-4.977083,-81.179722,,,,,,,,,,,,,,,,,,
,-4.979583,-81.178889,,,,,,,,,,,,,,,,,,
,-4.981806,-81.1775,,,,,,,,,,,,,,,,,,
,-4.984306,-81.175833,,,,,,,,,,,,,,,,,,
,-4.98375,-81.176944,,,,,,,,,,,,,,,,,,
,-4.984583,-81.177778,,,,,,,,,,,,,,,,,,
,-4.987083,-81.177222,,,,,,,,,,,,,,,,,,
,-4.989583,-81.176389,,,,,,,,,,,,,,,,,,
,-4.992083,-81.175556,,,,,,,,,,,,,,,,,,
,-4.994306,-81.175,,,,,,,,,,,,,,,,,,
,-4.996528,-81.174722,,,,,,,,,,,,,,,,,,
,-4.997917,-81.174167,,,,,,,,,,,,,,,,,,
,-4.999028,-81.173889,,,,,,,,,,,,,,,,,,
,-5.000139,-81.173611,,,,,,,,,,,,,,,,,,
,-5.00125,-81.173611,,,,,,,,,,,,,,,,,,
,-5.002639,-81.173056,,,,,,,,,,,,,,,,,,
,-4.994583,-81.1825,,,,,,,,,,,,,,,,,,
,-4.996528,-81.1825,,,,,,,,,,,,,,,,,,
,-4.99875,-81.182222,,,,,,,,,,,,,,,,,,
,-4.999861,-81.182222,,,,,,,,,,,,,,,,,,
,-5.00125,-81.1825,,,,,,,,,,,,,,,,,,
,-5.002083,-81.182222,,,,,,,,,,,,,,,,,,
,-5.002361,-81.1825,,,,,,,,,,,,,,,,,,
,-4.970972,-81.187222,,,,,,,,,,,,,,,,,,
,-4.973472,-81.186944,,,,,,,,,,,,,,,,,,
,-4.97625,-81.186667,,,,,,,,,,,,,,,,,,
,-4.978194,-81.186389,,,,,,,,,,,,,,,,,,
,-4.979583,-81.186389,,,,,,,,,,,,,,,,,,
,-4.98125,-81.186111,,,,,,,,,,,,,,,,,,
,-4.982361,-81.185556,,,,,,,,,,,,,,,,,,
,-4.95875,-81.166389,,,,,,,,,,,,,,,,,,
,-4.960694,-81.165556,,,,,,,,,,,,,,,,,,
,-4.960694,-81.163889,,,,,,,,,,,,,,,,,,
,-4.962361,-81.163611,,,,,,,,,,,,,,,,,,
,-4.964306,-81.163333,,,,,,,,,,,,,,,,,,
,-4.965694,-81.163056,,,,,,,,,,,,,,,,,,
,-4.967361,-81.1625,,,,,,,,,,,,,,,,,,
,-4.967639,-81.161944,,,,,,,,,,,,,,,,,,
,-4.9856,-81.166,,,,,,,,,,,,,,,,,,
,-4.9877,-81.1657,,,,,,,,,,,,,,,,,,
,-4.9898,-81.165,,,,,,,,,,,,,,,,,,
,-4.9917,-81.1646,,,,,,,,,,,,,,,,,,
,-4.9927,-81.164699,,,,,,,,,,,,,,,,,,
,-4.9936,-81.1646,,,,,,,,,,,,,,,,,,
,-4.9946,-81.164699,,,,,,,,,,,,,,,,,,
,-4.9953,-81.1646,,,,,,,,,,,,,,,,,,
,-4.9834,-81.1655,,,,,,,,,,,,,,,,,,
,-4.9855,-81.165799,,,,,,,,,,,,,,,,,,
,-4.9877,-81.1662,,,,,,,,,,,,,,,,,,
,-4.9899,-81.1666,,,,,,,,,,,,,,,,,,
,-4.9921,-81.167199,,,,,,,,,,,,,,,,,,
,-4.9942,-81.1678,,,,,,,,,,,,,,,,,,
,-4.9963,-81.1686,,,,,,,,,,,,,,,,,,
,-4.9984,-81.1693,,,,,,,,,,,,,,,,,,
,-5.0006,-81.169899,,,,,,,,,,,,,,,,,,
,-5.0028,-81.170599,,,,,,,,,,,,,,,,,,
,-5.002361,-81.161111,,,,,,,,,,,,,,,,,,
,-5.00375,-81.161111,,,,,,,,,,,,,,,,,,
,-5.005417,-81.161111,,,,,,,,,,,,,,,,,,
,-5.006528,-81.161111,,,,,,,,,,,,,,,,,,
,-5.007639,-81.160833,,,,,,,,,,,,,,,,,,
,-5.008194,-81.160833,,,,,,,,,,,,,,,,,,
,-5.008472,-81.160556,,,,,,,,,,,,,,,,,,
,-5.009028,-81.16,,,,,,,,,,,,,,,,,,
,-12.163194,-77.160278,,,,,,,,,,,,,,,,,,
,-12.16375,-77.159444,,,,,,,,,,,,,,,,,,
,-12.164583,-77.158889,,,,,,,,,,,,,,,,,,
,-12.165139,-77.158056,,,,,,,,,,,,,,,,,,
,-12.165972,-77.157222,,,,,,,,,,,,,,,,,,
,-12.166806,-77.156667,,,,,,,,,,,,,,,,,,
,-12.167083,-77.155833,,,,,,,,,,,,,,,,,,
,-12.167083,-77.155278,,,,,,,,,,,,,,,,,,
,-12.167361,-77.155,,,,,,,,,,,,,,,,,,
,-12.167361,-77.154444,,,,,,,,,,,,,,,,,,
,-12.167083,-77.154722,,,,,,,,,,,,,,,,,,
,-12.130972,-77.164444,,,,,,,,,,,,,,,,,,
,-12.131806,-77.163611,,,,,,,,,,,,,,,,,,
,-12.132917,-77.162778,,,,,,,,,,,,,,,,,,
,-12.134028,-77.161667,,,,,,,,,,,,,,,,,,
,-12.134861,-77.161389,,,,,,,,,,,,,,,,,,
,-12.135417,-77.161667,,,,,,,,,,,,,,,,,,
,-12.136806,-77.16,,,,,,,,,,,,,,,,,,
,-12.138194,-77.158611,,,,,,,,,,,,,,,,,,
,-12.139306,-77.156944,,,,,,,,,,,,,,,,,,
,-12.139583,-77.155556,,,,,,,,,,,,,,,,,,
,-12.139861,-77.154722,,,,,,,,,,,,,,,,,,
,-12.140417,-77.153611,,,,,,,,,,,,,,,,,,
,-12.140694,-77.1525,,,,,,,,,,,,,,,,,,
,-12.140417,-77.1525,,,,,,,,,,,,,,,,,,
,-11.964028,-77.233056,,,,,,,,,,,,,,,,,,
,-11.964583,-77.233056,,,,,,,,,,,,,,,,,,
,-11.965139,-77.233333,,,,,,,,,,,,,,,,,,
,-11.965417,-77.233333,,,,,,,,,,,,,,,,,,
,-11.965694,-77.233333,,,,,,,,,,,,,,,,,,
,-11.965139,-77.233611,,,,,,,,,,,,,,,,,,
,-11.965139,-77.233611,,,,,,,,,,,,,,,,,,
,-11.964861,-77.233889,,,,,,,,,,,,,,,,,,
,-11.964583,-77.234167,,,,,,,,,,,,,,,,,,
,-11.964028,-77.234444,,,,,,,,,,,,,,,,,,
,-11.964028,-77.217222,,,,,,,,,,,,,,,,,,
,-11.964583,-77.216944,,,,,,,,,,,,,,,,,,
,-11.965139,-77.216389,,,,,,,,,,,,,,,,,,
,-11.965694,-77.216111,,,,,,,,,,,,,,,,,,
,-11.96625,-77.216111,,,,,,,,,,,,,,,,,,
,-11.967083,-77.215833,,,,,,,,,,,,,,,,,,
,-11.967639,-77.215833,,,,,,,,,,,,,,,,,,
,-11.967361,-77.215833,,,,,,,,,,,,,,,,,,
,-11.966806,-77.215833,,,,,,,,,,,,,,,,,,
,-11.966528,-77.215833,,,,,,,,,,,,,,,,,,
,-11.965972,-77.215556,,,,,,,,,,,,,,,,,,
,-11.965694,-77.215833,,,,,,,,,,,,,,,,,,
,-11.965694,-77.215833,,,,,,,,,,,,,,,,,,
,-11.96625,-77.215278,,,,,,,,,,,,,,,,,,
,-12.050972,-77.266667,,,,,,,,,,,,,,,,,,
,-12.05125,-77.266389,,,,,,,,,,,,,,,,,,
,-12.050972,-77.266111,,,,,,,,,,,,,,,,,,
,-12.050694,-77.265833,,,,,,,,,,,,,,,,,,
,-12.050417,-77.265278,,,,,,,,,,,,,,,,,,
,-12.050139,-77.264722,,,,,,,,,,,,,,,,,,
,-12.049583,-77.264167,,,,,,,,,,,,,,,,,,
,-12.049028,-77.264167,,,,,,,,,,,,,,,,,,
,-12.047917,-77.264444,,,,,,,,,,,,,,,,,,
,-12.245972,-77.080833,,,,,,,,,,,,,,,,,,
,-12.245972,-77.080278,,,,,,,,,,,,,,,,,,
,-12.246528,-77.080278,,,,,,,,,,,,,,,,,,
,-12.24625,-77.08,,,,,,,,,,,,,,,,,,
,-12.24625,-77.079722,,,,,,,,,,,,,,,,,,
,-12.245972,-77.079444,,,,,,,,,,,,,,,,,,
,-12.245417,-77.079167,,,,,,,,,,,,,,,,,,
,-12.244028,-77.078889,,,,,,,,,,,,,,,,,,
,-12.245139,-77.091944,,,,,,,,,,,,,,,,,,
,-12.245694,-77.091111,,,,,,,,,,,,,,,,,,
,-12.246806,-77.091111,,,,,,,,,,,,,,,,,,
,-12.248194,-77.091111,,,,,,,,,,,,,,,,,,
,-12.249861,-77.090833,,,,,,,,,,,,,,,,,,
,-12.25125,-77.090556,,,,,,,,,,,,,,,,,,
,-12.252083,-77.090278,,,,,,,,,,,,,,,,,,
,-12.15125,-77.16,,,,,,,,,,,,,,,,,,
,-12.152083,-77.16,,,,,,,,,,,,,,,,,,
,-12.152917,-77.160278,,,,,,,,,,,,,,,,,,
,-12.154028,-77.160278,,,,,,,,,,,,,,,,,,
,-12.154583,-77.160556,,,,,,,,,,,,,,,,,,
,-12.154861,-77.160833,,,,,,,,,,,,,,,,,,
,-12.155139,-77.160833,,,,,,,,,,,,,,,,,,
,-12.155139,-77.160833,,,,,,,,,,,,,,,,,,
,-12.155417,-77.160556,,,,,,,,,,,,,,,,,,
,-12.163472,-77.165556,,,,,,,,,,,,,,,,,,
,-12.164583,-77.164722,,,,,,,,,,,,,,,,,,
,-12.165972,-77.164167,,,,,,,,,,,,,,,,,,
,-12.167361,-77.163333,,,,,,,,,,,,,,,,,,
,-12.168194,-77.1625,,,,,,,,,,,,,,,,,,
,-12.16875,-77.161944,,,,,,,,,,,,,,,,,,
,-12.169306,-77.161111,,,,,,,,,,,,,,,,,,
,-12.169861,-77.160556,,,,,,,,,,,,,,,,,,
,-12.170139,-77.16,,,,,,,,,,,,,,,,,,
,-12.160417,-77.188889,,,,,,,,,,,,,,,,,,
,-12.161806,-77.187222,,,,,,,,,,,,,,,,,,
,-12.162917,-77.185278,,,,,,,,,,,,,,,,,,
,-12.162639,-77.183889,,,,,,,,,,,,,,,,,,
,-12.162917,-77.1825,,,,,,,,,,,,,,,,,,
,-12.162917,-77.181667,,,,,,,,,,,,,,,,,,
,-12.162639,-77.180833,,,,,,,,,,,,,,,,,,
,-12.161806,-77.181944,,,,,,,,,,,,,,,,,,
,-5.640417,-80.971389,,,,,,,,,,,,,,,,,,
,-5.642083,-80.971111,,,,,,,,,,,,,,,,,,
,-5.643472,-80.971111,,,,,,,,,,,,,,,,,,
,-5.644028,-80.971667,,,,,,,,,,,,,,,,,,
,-5.644861,-80.971944,,,,,,,,,,,,,,,,,,
,-5.645417,-80.972222,,,,,,,,,,,,,,,,,,
,-5.693194,-80.941111,,,,,,,,,,,,,,,,,,
,-5.692639,-80.941111,,,,,,,,,,,,,,,,,,
,-5.692639,-80.941111,,,,,,,,,,,,,,,,,,
,-5.692639,-80.941111,,,,,,,,,,,,,,,,,,
,-5.692639,-80.941111,,,,,,,,,,,,,,,,,,
,-5.692639,-80.941111,,,,,,,,,,,,,,,,,,
,-5.692639,-80.941111,,,,,,,,,,,,,,,,,,
,-5.692639,-80.941111,,,,,,,,,,,,,,,,,,
,-5.692917,-80.941111,,,,,,,,,,,,,,,,,,
,-5.693194,-80.941389,,,,,,,,,,,,,,,,,,
,-5.693472,-80.941389,,,,,,,,,,,,,,,,,,
,-5.69375,-80.941389,,,,,,,,,,,,,,,,,,
,-5.694583,-80.941389,,,,,,,,,,,,,,,,,,
,-5.695694,-80.941389,,,,,,,,,,,,,,,,,,
,-5.697361,-80.941111,,,,,,,,,,,,,,,,,,
,-5.699028,-80.941111,,,,,,,,,,,,,,,,,,
,-5.700139,-80.940833,,,,,,,,,,,,,,,,,,
,-5.70125,-80.940833,,,,,,,,,,,,,,,,,,
,-5.701806,-80.940833,,,,,,,,,,,,,,,,,,
,-5.702917,-80.940556,,,,,,,,,,,,,,,,,,
,-5.703472,-80.940556,,,,,,,,,,,,,,,,,,
,-5.704028,-80.940833,,,,,,,,,,,,,,,,,,
,-5.704583,-80.940833,,,,,,,,,,,,,,,,,,
,-5.705139,-80.940833,,,,,,,,,,,,,,,,,,
,-5.706528,-80.940833,,,,,,,,,,,,,,,,,,
,-5.697083,-80.937778,,,,,,,,,,,,,,,,,,
,-5.699306,-80.938056,,,,,,,,,,,,,,,,,,
,-5.70125,-80.938056,,,,,,,,,,,,,,,,,,
,-5.702639,-80.938333,,,,,,,,,,,,,,,,,,
,-5.70375,-80.938333,,,,,,,,,,,,,,,,,,
,-5.704861,-80.938611,,,,,,,,,,,,,,,,,,
,-5.705139,-80.938611,,,,,,,,,,,,,,,,,,
,-5.705139,-80.938611,,,,,,,,,,,,,,,,,,
,-5.705139,-80.938611,,,,,,,,,,,,,,,,,,
,-5.705139,-80.938333,,,,,,,,,,,,,,,,,,
,-5.705139,-80.938333,,,,,,,,,,,,,,,,,,
,-5.705139,-80.938611,,,,,,,,,,,,,,,,,,
,-5.705139,-80.938611,,,,,,,,,,,,,,,,,,
,-5.705139,-80.938333,,,,,,,,,,,,,,,,,,
,-5.705139,-80.938333,,,,,,,,,,,,,,,,,,
,-5.705139,-80.938333,,,,,,,,,,,,,,,,,,
,-5.705139,-80.938333,,,,,,,,,,,,,,,,,,
,-5.705139,-80.938611,,,,,,,,,,,,,,,,,,
,-5.705139,-80.938333,,,,,,,,,,,,,,,,,,
,-5.705139,-80.938333,,,,,,,,,,,,,,,,,,
,-5.705139,-80.938333,,,,,,,,,,,,,,,,,,
,-5.705139,-80.938333,,,,,,,,,,,,,,,,,,
,-5.705417,-80.938333,,,,,,,,,,,,,,,,,,
,-5.705417,-80.938056,,,,,,,,,,,,,,,,,,
,-5.705417,-80.938056,,,,,,,,,,,,,,,,,,
,-5.705417,-80.938056,,,,,,,,,,,,,,,,,,
,-5.705417,-80.938056,,,,,,,,,,,,,,,,,,
,-5.705417,-80.938056,,,,,,,,,,,,,,,,,,
,-5.705417,-80.938056,,,,,,,,,,,,,,,,,,
,-5.705417,-80.938056,,,,,,,,,,,,,,,,,,
,-5.705417,-80.938056,,,,,,,,,,,,,,,,,,
,-5.705417,-80.938056,,,,,,,,,,,,,,,,,,
,-5.705417,-80.938056,,,,,,,,,,,,,,,,,,
,-5.705417,-80.938056,,,,,,,,,,,,,,,,,,
,-5.705417,-80.938056,,,,,,,,,,,,,,,,,,
,-5.705417,-80.938056,,,,,,,,,,,,,,,,,,
,-5.705417,-80.938056,,,,,,,,,,,,,,,,,,
,-5.705417,-80.938056,,,,,,,,,,,,,,,,,,
,-5.705417,-80.938333,,,,,,,,,,,,,,,,,,
,-5.705417,-80.938333,,,,,,,,,,,,,,,,,,
,-5.705417,-80.938333,,,,,,,,,,,,,,,,,,
,-5.705417,-80.938333,,,,,,,,,,,,,,,,,,
,-5.705417,-80.938056,,,,,,,,,,,,,,,,,,
,-5.705417,-80.938056,,,,,,,,,,,,,,,,,,
,-5.705417,-80.938056,,,,,,,,,,,,,,,,,,
,-5.705417,-80.938056,,,,,,,,,,,,,,,,,,
,-5.705417,-80.938333,,,,,,,,,,,,,,,,,,
,-5.705417,-80.938333,,,,,,,,,,,,,,,,,,
,-5.705417,-80.938333,,,,,,,,,,,,,,,,,,
,-5.705139,-80.938333,,,,,,,,,,,,,,,,,,
,-5.705139,-80.938333,,,,,,,,,,,,,,,,,,
,-5.705139,-80.938333,,,,,,,,,,,,,,,,,,
,-5.705139,-80.938333,,,,,,,,,,,,,,,,,,
,-5.705139,-80.938333,,,,,,,,,,,,,,,,,,
,-5.705139,-80.938611,,,,,,,,,,,,,,,,,,
,-5.705139,-80.938611,,,,,,,,,,,,,,,,,,
,-5.705139,-80.938611,,,,,,,,,,,,,,,,,,
,-5.705139,-80.938333,,,,,,,,,,,,,,,,,,
,-5.705139,-80.938611,,,,,,,,,,,,,,,,,,
,-5.705417,-80.938333,,,,,,,,,,,,,,,,,,
,-5.707083,-80.938889,,,,,,,,,,,,,,,,,,
,-5.672361,-80.935556,,,,,,,,,,,,,,,,,,
,-5.67375,-80.935278,,,,,,,,,,,,,,,,,,
,-5.675417,-80.935,,,,,,,,,,,,,,,,,,
,-5.677083,-80.934722,,,,,,,,,,,,,,,,,,
,-5.678472,-80.934444,,,,,,,,,,,,,,,,,,
,-5.679861,-80.934167,,,,,,,,,,,,,,,,,,
,-5.68125,-80.934167,,,,,,,,,,,,,,,,,,
,-4.992083,-81.1775,,,,,,,,,,,,,,,,,,
,-4.994306,-81.176944,,,,,,,,,,,,,,,,,,
,-4.996806,-81.176389,,,,,,,,,,,,,,,,,,
,-4.998194,-81.175833,,,,,,,,,,,,,,,,,,
,-4.999028,-81.175556,,,,,,,,,,,,,,,,,,
,-5.000139,-81.175278,,,,,,,,,,,,,,,,,,
,-5.002639,-81.159167,,,,,,,,,,,,,,,,,,
,-5.004306,-81.158611,,,,,,,,,,,,,,,,,,
,-5.00625,-81.158056,,,,,,,,,,,,,,,,,,
,-5.007639,-81.157778,,,,,,,,,,,,,,,,,,
,-5.009306,-81.1575,,,,,,,,,,,,,,,,,,
,-5.01125,-81.156944,,,,,,,,,,,,,,,,,,
,-5.012917,-81.156667,,,,,,,,,,,,,,,,,,
,-5.014583,-81.156111,,,,,,,,,,,,,,,,,,
,-5.01625,-81.155556,,,,,,,,,,,,,,,,,,
,-4.941528,-81.193333,,,,,,,,,,,,,,,,,,
,-4.942083,-81.193611,,,,,,,,,,,,,,,,,,
,-4.942917,-81.193889,,,,,,,,,,,,,,,,,,
,-4.943194,-81.193889,,,,,,,,,,,,,,,,,,
,-4.943194,-81.194167,,,,,,,,,,,,,,,,,,
,-4.943194,-81.194167,,,,,,,,,,,,,,,,,,
,-4.94375,-81.194167,,,,,,,,,,,,,,,,,,
,-4.89625,-81.233889,,,,,,,,,,,,,,,,,,
,-4.897917,-81.234167,,,,,,,,,,,,,,,,,,
,-4.899861,-81.234444,,,,,,,,,,,,,,,,,,
,-4.902083,-81.234444,,,,,,,,,,,,,,,,,,
,-4.904583,-81.234722,,,,,,,,,,,,,,,,,,
,-4.907083,-81.234722,,,,,,,,,,,,,,,,,,
,-4.909583,-81.234722,,,,,,,,,,,,,,,,,,
,-4.912083,-81.234722,,,,,,,,,,,,,,,,,,
,-4.914306,-81.234722,,,,,,,,,,,,,,,,,,
,-4.916806,-81.234722,,,,,,,,,,,,,,,,,,
,-4.919028,-81.235,,,,,,,,,,,,,,,,,,
,-5.014583,-81.139167,,,,,,,,,,,,,,,,,,
,-5.015139,-81.1375,,,,,,,,,,,,,,,,,,
,-5.015417,-81.136667,,,,,,,,,,,,,,,,,,
,-5.015694,-81.135556,,,,,,,,,,,,,,,,,,
,-5.015972,-81.135,,,,,,,,,,,,,,,,,,
,-5.01625,-81.135,,,,,,,,,,,,,,,,,,
,-5.016806,-81.134444,,,,,,,,,,,,,,,,,,
,-5.017083,-81.134167,,,,,,,,,,,,,,,,,,
,-5.006806,-81.145,,,,,,,,,,,,,,,,,,
,-5.008194,-81.145278,,,,,,,,,,,,,,,,,,
,-5.009306,-81.145,,,,,,,,,,,,,,,,,,
,-5.010417,-81.145278,,,,,,,,,,,,,,,,,,
,-5.010694,-81.145278,,,,,,,,,,,,,,,,,,
,-5.011806,-81.145556,,,,,,,,,,,,,,,,,,
,-5.012361,-81.145,,,,,,,,,,,,,,,,,,
,-5.014583,-81.129722,,,,,,,,,,,,,,,,,,
,-5.015694,-81.129167,,,,,,,,,,,,,,,,,,
,-5.019861,-81.1225,,,,,,,,,,,,,,,,,,
,-5.020417,-81.122222,,,,,,,,,,,,,,,,,,
,-5.020694,-81.122778,,,,,,,,,,,,,,,,,,
,-5.02125,-81.1225,,,,,,,,,,,,,,,,,,
,-5.021528,-81.121944,,,,,,,,,,,,,,,,,,
,-5.004861,-81.143889,,,,,,,,,,,,,,,,,,
,-5.005139,-81.142222,,,,,,,,,,,,,,,,,,
,-5.005694,-81.140556,,,,,,,,,,,,,,,,,,
,-5.00625,-81.138889,,,,,,,,,,,,,,,,,,
,-5.006806,-81.1375,,,,,,,,,,,,,,,,,,
,-5.007361,-81.135833,,,,,,,,,,,,,,,,,,
,-5.007639,-81.134444,,,,,,,,,,,,,,,,,,
,-5.007917,-81.133889,,,,,,,,,,,,,,,,,,
,-5.007639,-81.133611,,,,,,,,,,,,,,,,,,
,-5.007917,-81.133056,,,,,,,,,,,,,,,,,,
,-5.007917,-81.1325,,,,,,,,,,,,,,,,,,
,-5.012639,-81.140556,,,,,,,,,,,,,,,,,,
,-5.01375,-81.140278,,,,,,,,,,,,,,,,,,
,-5.014861,-81.14,,,,,,,,,,,,,,,,,,
,-5.015417,-81.14,,,,,,,,,,,,,,,,,,
,-5.015417,-81.140278,,,,,,,,,,,,,,,,,,
,-5.015694,-81.140278,,,,,,,,,,,,,,,,,,
,-5.665972,-80.974167,,,,,,,,,,,,,,,,,,
,-5.666806,-80.972778,,,,,,,,,,,,,,,,,,
,-5.667639,-80.971389,,,,,,,,,,,,,,,,,,
,-5.668472,-80.970278,,,,,,,,,,,,,,,,,,
,-5.669583,-80.968889,,,,,,,,,,,,,,,,,,
,-5.670694,-80.967778,,,,,,,,,,,,,,,,,,
,-5.671806,-80.966389,,,,,,,,,,,,,,,,,,
,-5.672639,-80.965,,,,,,,,,,,,,,,,,,
,-5.674028,-80.963611,,,,,,,,,,,,,,,,,,
,-5.674861,-80.9625,,,,,,,,,,,,,,,,,,
,-5.675972,-80.961389,,,,,,,,,,,,,,,,,,
,-5.676806,-80.960278,,,,,,,,,,,,,,,,,,
,-5.677917,-80.959444,,,,,,,,,,,,,,,,,,
,-5.67875,-80.958611,,,,,,,,,,,,,,,,,,
,-5.668194,-80.981111,,,,,,,,,,,,,,,,,,
,-5.669028,-80.979444,,,,,,,,,,,,,,,,,,
,-5.669583,-80.978333,,,,,,,,,,,,,,,,,,
,-5.670417,-80.976944,,,,,,,,,,,,,,,,,,
,-5.670972,-80.975278,,,,,,,,,,,,,,,,,,
,-5.671528,-80.973889,,,,,,,,,,,,,,,,,,
,-5.672361,-80.972778,,,,,,,,,,,,,,,,,,
,-5.673472,-80.971389,,,,,,,,,,,,,,,,,,
,-5.638194,-80.947778,,,,,,,,,,,,,,,,,,
,-5.639028,-80.947222,,,,,,,,,,,,,,,,,,
,-5.639583,-80.946667,,,,,,,,,,,,,,,,,,
,-5.640417,-80.945833,,,,,,,,,,,,,,,,,,
,-5.64125,-80.945556,,,,,,,,,,,,,,,,,,
,-5.642361,-80.945278,,,,,,,,,,,,,,,,,,
,-5.643472,-80.945278,,,,,,,,,,,,,,,,,,
,-5.644306,-80.945,,,,,,,,,,,,,,,,,,
,-5.645139,-80.944722,,,,,,,,,,,,,,,,,,
,-5.645972,-80.944444,,,,,,,,,,,,,,,,,,
,-5.64625,-80.944444,,,,,,,,,,,,,,,,,,
,-5.645972,-80.944722,,,,,,,,,,,,,,,,,,
,-5.64625,-80.945,,,,,,,,,,,,,,,,,,
,-5.646528,-80.945278,,,,,,,,,,,,,,,,,,
,-5.667639,-80.950556,,,,,,,,,,,,,,,,,,
,-5.668472,-80.950278,,,,,,,,,,,,,,,,,,
,-5.669583,-80.95,,,,,,,,,,,,,,,,,,
,-5.670417,-80.949722,,,,,,,,,,,,,,,,,,
,-5.671528,-80.949722,,,,,,,,,,,,,,,,,,
,-5.672361,-80.949722,,,,,,,,,,,,,,,,,,
,-5.673194,-80.949444,,,,,,,,,,,,,,,,,,
,-5.673194,-80.937778,,,,,,,,,,,,,,,,,,
,-5.672639,-80.938056,,,,,,,,,,,,,,,,,,
,-5.672639,-80.938056,,,,,,,,,,,,,,,,,,
,-5.672639,-80.937778,,,,,,,,,,,,,,,,,,
,-5.672639,-80.937778,,,,,,,,,,,,,,,,,,
,-5.672639,-80.938056,,,,,,,,,,,,,,,,,,
,-5.672639,-80.938056,,,,,,,,,,,,,,,,,,
,-5.672639,-80.938056,,,,,,,,,,,,,,,,,,
,-5.672639,-80.937778,,,,,,,,,,,,,,,,,,
,-5.672639,-80.938056,,,,,,,,,,,,,,,,,,
,-5.672361,-80.937778,,,,,,,,,,,,,,,,,,
,-5.672639,-80.937778,,,,,,,,,,,,,,,,,,
,-5.672361,-80.937778,,,,,,,,,,,,,,,,,,
,-5.672639,-80.937778,,,,,,,,,,,,,,,,,,
,-5.672361,-80.937778,,,,,,,,,,,,,,,,,,
,-5.672361,-80.937778,,,,,,,,,,,,,,,,,,
,-5.672361,-80.9375,,,,,,,,,,,,,,,,,,
,-5.672361,-80.937778,,,,,,,,,,,,,,,,,,
,-5.672361,-80.937778,,,,,,,,,,,,,,,,,,
,-5.672361,-80.937778,,,,,,,,,,,,,,,,,,
,-5.672361,-80.937778,,,,,,,,,,,,,,,,,,
,-5.672361,-80.937778,,,,,,,,,,,,,,,,,,
,-5.672361,-80.937778,,,,,,,,,,,,,,,,,,
,-5.672361,-80.937778,,,,,,,,,,,,,,,,,,
,-5.672361,-80.937778,,,,,,,,,,,,,,,,,,
,-5.672361,-80.937778,,,,,,,,,,,,,,,,,,
,-5.672361,-80.937778,,,,,,,,,,,,,,,,,,
,-5.672639,-80.937778,,,,,,,,,,,,,,,,,,
,-5.672639,-80.937778,,,,,,,,,,,,,,,,,,
,-5.672639,-80.937778,,,,,,,,,,,,,,,,,,
,-5.672361,-80.9375,,,,,,,,,,,,,,,,,,
,-5.672639,-80.9375,,,,,,,,,,,,,,,,,,
,-5.672917,-80.936944,,,,,,,,,,,,,,,,,,
,-5.673194,-80.936667,,,,,,,,,,,,,,,,,,
,-5.673194,-80.936667,,,,,,,,,,,,,,,,,,
,-5.673194,-80.936667,,,,,,,,,,,,,,,,,,
,-5.673194,-80.936667,,,,,,,,,,,,,,,,,,
,-5.673194,-80.936667,,,,,,,,,,,,,,,,,,
,-5.673194,-80.936667,,,,,,,,,,,,,,,,,,
,-5.673194,-80.936667,,,,,,,,,,,,,,,,,,
,-5.673194,-80.936667,,,,,,,,,,,,,,,,,,
,-5.673194,-80.936667,,,,,,,,,,,,,,,,,,
,-5.673194,-80.936667,,,,,,,,,,,,,,,,,,
,-5.673194,-80.936667,,,,,,,,,,,,,,,,,,
,-5.673194,-80.936667,,,,,,,,,,,,,,,,,,
,-5.673194,-80.936667,,,,,,,,,,,,,,,,,,
,-5.673194,-80.936667,,,,,,,,,,,,,,,,,,
,-5.673194,-80.936667,,,,,,,,,,,,,,,,,,
,-5.673194,-80.936667,,,,,,,,,,,,,,,,,,
,-5.673194,-80.936667,,,,,,,,,,,,,,,,,,
,-5.673194,-80.936667,,,,,,,,,,,,,,,,,,
,-5.673194,-80.936667,,,,,,,,,,,,,,,,,,
,-5.673194,-80.936667,,,,,,,,,,,,,,,,,,
,-5.673194,-80.936667,,,,,,,,,,,,,,,,,,
,-5.673194,-80.936667,,,,,,,,,,,,,,,,,,
,-5.673194,-80.936667,,,,,,,,,,,,,,,,,,
,-5.673472,-80.936667,,,,,,,,,,,,,,,,,,
,-5.673194,-80.936667,,,,,,,,,,,,,,,,,,
,-5.673472,-80.936667,,,,,,,,,,,,,,,,,,
,-5.673472,-80.936667,,,,,,,,,,,,,,,,,,
,-5.673472,-80.936667,,,,,,,,,,,,,,,,,,
,-5.673194,-80.936667,,,,,,,,,,,,,,,,,,
,-5.673472,-80.936667,,,,,,,,,,,,,,,,,,
,-5.673472,-80.936667,,,,,,,,,,,,,,,,,,
,-5.673472,-80.936667,,,,,,,,,,,,,,,,,,
,-5.673472,-80.936667,,,,,,,,,,,,,,,,,,
,-5.672917,-80.936944,,,,,,,,,,,,,,,,,,
,-5.672639,-80.937778,,,,,,,,,,,,,,,,,,
,-5.672639,-80.937778,,,,,,,,,,,,,,,,,,
,-5.672639,-80.937778,,,,,,,,,,,,,,,,,,
,-5.672639,-80.937778,,,,,,,,,,,,,,,,,,
,-5.672639,-80.937778,,,,,,,,,,,,,,,,,,
,-5.672639,-80.937778,,,,,,,,,,,,,,,,,,
,-5.672639,-80.937778,,,,,,,,,,,,,,,,,,
,-5.672639,-80.937778,,,,,,,,,,,,,,,,,,
,-5.672639,-80.937778,,,,,,,,,,,,,,,,,,
,-5.672639,-80.937778,,,,,,,,,,,,,,,,,,
,-5.672639,-80.938056,,,,,,,,,,,,,,,,,,
,-5.672639,-80.938056,,,,,,,,,,,,,,,,,,
,-5.672639,-80.938056,,,,,,,,,,,,,,,,,,
,-5.672639,-80.938056,,,,,,,,,,,,,,,,,,
,-5.672639,-80.938056,,,,,,,,,,,,,,,,,,
,-5.672639,-80.937778,,,,,,,,,,,,,,,,,,
,-5.672917,-80.937778,,,,,,,,,,,,,,,,,,
,-5.673472,-80.937778,,,,,,,,,,,,,,,,,,
,-5.648472,-80.939167,,,,,,,,,,,,,,,,,,
,-5.649861,-80.938611,,,,,,,,,,,,,,,,,,
,-5.650972,-80.938611,,,,,,,,,,,,,,,,,,
,-5.652083,-80.938333,,,,,,,,,,,,,,,,,,
,-5.653194,-80.938333,,,,,,,,,,,,,,,,,,
,-5.654306,-80.938333,,,,,,,,,,,,,,,,,,
,-5.655417,-80.938333,,,,,,,,,,,,,,,,,,
,-5.655694,-80.938333,,,,,,,,,,,,,,,,,,
,-5.655694,-80.938333,,,,,,,,,,,,,,,,,,
,-5.655972,-80.938611,,,,,,,,,,,,,,,,,,
,-5.630694,-80.9725,,,,,,,,,,,,,,,,,,
,-5.632361,-80.972778,,,,,,,,,,,,,,,,,,
,-5.634306,-80.973056,,,,,,,,,,,,,,,,,,
,-5.635972,-80.973056,,,,,,,,,,,,,,,,,,
,-5.637639,-80.973333,,,,,,,,,,,,,,,,,,
,-5.639306,-80.973611,,,,,,,,,,,,,,,,,,
,-5.640972,-80.973611,,,,,,,,,,,,,,,,,,
,-5.642639,-80.973889,,,,,,,,,,,,,,,,,,
,-5.644306,-80.973889,,,,,,,,,,,,,,,,,,
,-5.64625,-80.973889,,,,,,,,,,,,,,,,,,
,-5.648194,-80.974167,,,,,,,,,,,,,,,,,,
,-5.68375,-80.943333,,,,,,,,,,,,,,,,,,
,-5.685417,-80.943056,,,,,,,,,,,,,,,,,,
,-5.686528,-80.943333,,,,,,,,,,,,,,,,,,
,-5.687083,-80.943611,,,,,,,,,,,,,,,,,,
,-5.687083,-80.943333,,,,,,,,,,,,,,,,,,
,-5.687639,-80.943333,,,,,,,,,,,,,,,,,,
,-5.687639,-80.9425,,,,,,,,,,,,,,,,,,
,-5.688194,-80.942778,,,,,,,,,,,,,,,,,,
,-5.647639,-80.996944,,,,,,,,,,,,,,,,,,
,-5.649583,-80.996389,,,,,,,,,,,,,,,,,,
,-5.651528,-80.996111,,,,,,,,,,,,,,,,,,
,-5.653194,-80.996111,,,,,,,,,,,,,,,,,,
,-5.654028,-80.996389,,,,,,,,,,,,,,,,,,
,-5.655139,-80.996389,,,,,,,,,,,,,,,,,,
,-5.655972,-80.996389,,,,,,,,,,,,,,,,,,
,-5.597639,-80.988056,,,,,,,,,,,,,,,,,,
,-5.600139,-80.988056,,,,,,,,,,,,,,,,,,
,-5.602361,-80.988056,,,,,,,,,,,,,,,,,,
,-5.604583,-80.988611,,,,,,,,,,,,,,,,,,
,-5.607083,-80.988889,,,,,,,,,,,,,,,,,,
,-5.609583,-80.988889,,,,,,,,,,,,,,,,,,
,-5.610972,-80.989167,,,,,,,,,,,,,,,,,,
,-5.612083,-80.989444,,,,,,,,,,,,,,,,,,
,-5.613194,-80.989444,,,,,,,,,,,,,,,,,,
,-5.614306,-80.989722,,,,,,,,,,,,,,,,,,
,-5.615139,-80.989444,,,,,,,,,,,,,,,,,,
,-5.705694,-80.943889,,,,,,,,,,,,,,,,,,
,-5.704861,-80.943333,,,,,,,,,,,,,,,,,,
,-5.704583,-80.943611,,,,,,,,,,,,,,,,,,
,-5.704583,-80.943611,,,,,,,,,,,,,,,,,,
,-5.704583,-80.943611,,,,,,,,,,,,,,,,,,
,-5.704583,-80.943333,,,,,,,,,,,,,,,,,,
,-5.704583,-80.943333,,,,,,,,,,,,,,,,,,
,-5.704861,-80.943333,,,,,,,,,,,,,,,,,,
,-5.704583,-80.943611,,,,,,,,,,,,,,,,,,
,-5.704583,-80.943611,,,,,,,,,,,,,,,,,,
,-5.704583,-80.943611,,,,,,,,,,,,,,,,,,
,-5.704583,-80.943611,,,,,,,,,,,,,,,,,,
,-5.704583,-80.943611,,,,,,,,,,,,,,,,,,
,-5.704583,-80.943611,,,,,,,,,,,,,,,,,,
,-5.704583,-80.943889,,,,,,,,,,,,,,,,,,
,-5.704583,-80.943611,,,,,,,,,,,,,,,,,,
,-5.704583,-80.943889,,,,,,,,,,,,,,,,,,
,-5.704583,-80.943889,,,,,,,,,,,,,,,,,,
,-5.704583,-80.943889,,,,,,,,,,,,,,,,,,
,-5.704583,-80.943889,,,,,,,,,,,,,,,,,,
,-5.704583,-80.943611,,,,,,,,,,,,,,,,,,
,-5.704583,-80.943611,,,,,,,,,,,,,,,,,,
,-5.704583,-80.943611,,,,,,,,,,,,,,,,,,
,-5.704583,-80.943611,,,,,,,,,,,,,,,,,,
,-5.704583,-80.943611,,,,,,,,,,,,,,,,,,
,-5.704583,-80.943611,,,,,,,,,,,,,,,,,,
,-5.704583,-80.943611,,,,,,,,,,,,,,,,,,
,-5.704583,-80.943611,,,,,,,,,,,,,,,,,,
,-5.704583,-80.943611,,,,,,,,,,,,,,,,,,
,-5.704583,-80.943611,,,,,,,,,,,,,,,,,,
,-5.704583,-80.943611,,,,,,,,,,,,,,,,,,
,-5.704583,-80.943611,,,,,,,,,,,,,,,,,,
,-5.704583,-80.943333,,,,,,,,,,,,,,,,,,
,-5.704861,-80.943333,,,,,,,,,,,,,,,,,,
,-5.704861,-80.943333,,,,,,,,,,,,,,,,,,
,-5.704861,-80.943333,,,,,,,,,,,,,,,,,,
,-5.704861,-80.943333,,,,,,,,,,,,,,,,,,
,-5.704861,-80.943333,,,,,,,,,,,,,,,,,,
,-5.704861,-80.943333,,,,,,,,,,,,,,,,,,
,-5.704861,-80.943333,,,,,,,,,,,,,,,,,,
,-5.704861,-80.943333,,,,,,,,,,,,,,,,,,
,-5.704861,-80.943333,,,,,,,,,,,,,,,,,,
,-5.705139,-80.943611,,,,,,,,,,,,,,,,,,
,-5.705139,-80.943611,,,,,,,,,,,,,,,,,,
,-5.705139,-80.943611,,,,,,,,,,,,,,,,,,
,-5.705139,-80.943611,,,,,,,,,,,,,,,,,,
,-5.705139,-80.943333,,,,,,,,,,,,,,,,,,
,-5.705417,-80.943333,,,,,,,,,,,,,,,,,,
,-5.705417,-80.943333,,,,,,,,,,,,,,,,,,
,-5.705417,-80.943333,,,,,,,,,,,,,,,,,,
,-5.705417,-80.943333,,,,,,,,,,,,,,,,,,
,-5.705417,-80.943333,,,,,,,,,,,,,,,,,,
,-5.705417,-80.943333,,,,,,,,,,,,,,,,,,
,-5.705417,-80.943333,,,,,,,,,,,,,,,,,,
,-5.705417,-80.943333,,,,,,,,,,,,,,,,,,
,-5.705417,-80.943333,,,,,,,,,,,,,,,,,,
,-5.705417,-80.943333,,,,,,,,,,,,,,,,,,
,-5.705417,-80.943333,,,,,,,,,,,,,,,,,,
,-5.705417,-80.943333,,,,,,,,,,,,,,,,,,
,-5.705417,-80.943333,,,,,,,,,,,,,,,,,,
,-5.705417,-80.943333,,,,,,,,,,,,,,,,,,
,-5.705417,-80.943333,,,,,,,,,,,,,,,,,,
,-5.705417,-80.943333,,,,,,,,,,,,,,,,,,
,-5.705417,-80.943333,,,,,,,,,,,,,,,,,,
,-5.705417,-80.943333,,,,,,,,,,,,,,,,,,
,-5.705417,-80.943333,,,,,,,,,,,,,,,,,,
,-5.705417,-80.943333,,,,,,,,,,,,,,,,,,
,-5.705417,-80.943333,,,,,,,,,,,,,,,,,,
,-5.705417,-80.943333,,,,,,,,,,,,,,,,,,
,-5.705417,-80.943333,,,,,,,,,,,,,,,,,,
,-5.705417,-80.943333,,,,,,,,,,,,,,,,,,
,-5.705417,-80.943333,,,,,,,,,,,,,,,,,,
,-5.705417,-80.943333,,,,,,,,,,,,,,,,,,
,-5.705417,-80.943333,,,,,,,,,,,,,,,,,,
,-5.705417,-80.943333,,,,,,,,,,,,,,,,,,
,-5.705417,-80.943333,,,,,,,,,,,,,,,,,,
,-5.705417,-80.943333,,,,,,,,,,,,,,,,,,
,-5.705139,-80.943333,,,,,,,,,,,,,,,,,,
,-5.705139,-80.943611,,,,,,,,,,,,,,,,,,
,-5.705139,-80.943611,,,,,,,,,,,,,,,,,,
,-5.705139,-80.943333,,,,,,,,,,,,,,,,,,
,-5.705139,-80.943611,,,,,,,,,,,,,,,,,,
,-5.705139,-80.943611,,,,,,,,,,,,,,,,,,
,-5.705139,-80.943611,,,,,,,,,,,,,,,,,,
,-5.705139,-80.943611,,,,,,,,,,,,,,,,,,
,-5.705139,-80.943611,,,,,,,,,,,,,,,,,,
,-5.705139,-80.943611,,,,,,,,,,,,,,,,,,
,-5.705139,-80.943611,,,,,,,,,,,,,,,,,,
,-5.706806,-80.944444,,,,,,,,,,,,,,,,,,
,-5.677361,-80.9425,,,,,,,,,,,,,,,,,,
,-5.679028,-80.942222,,,,,,,,,,,,,,,,,,
,-5.680417,-80.941944,,,,,,,,,,,,,,,,,,
,-5.681806,-80.941667,,,,,,,,,,,,,,,,,,
,-5.683194,-80.941667,,,,,,,,,,,,,,,,,,
,-5.684861,-80.941667,,,,,,,,,,,,,,,,,,
,-4.938194,-81.216944,,,,,,,,,,,,,,,,,,
,-4.940139,-81.215833,,,,,,,,,,,,,,,,,,
,-4.941806,-81.214722,,,,,,,,,,,,,,,,,,
,-4.942639,-81.214167,,,,,,,,,,,,,,,,,,
,-4.943472,-81.213333,,,,,,,,,,,,,,,,,,
,-4.944028,-81.212222,,,,,,,,,,,,,,,,,,
,-4.968194,-81.185556,,,,,,,,,,,,,,,,,,
,-4.970417,-81.184722,,,,,,,,,,,,,,,,,,
,-4.972917,-81.184167,,,,,,,,,,,,,,,,,,
,-4.974861,-81.184167,,,,,,,,,,,,,,,,,,
,-4.977083,-81.184167,,,,,,,,,,,,,,,,,,
,-4.979306,-81.184444,,,,,,,,,,,,,,,,,,
,-4.981528,-81.184722,,,,,,,,,,,,,,,,,,
,-4.98375,-81.184722,,,,,,,,,,,,,,,,,,
,-4.985694,-81.184722,,,,,,,,,,,,,,,,,,
,-5.000139,-81.171667,,,,,,,,,,,,,,,,,,
,-5.00125,-81.171111,,,,,,,,,,,,,,,,,,
,-5.002361,-81.170278,,,,,,,,,,,,,,,,,,
,-5.00375,-81.169722,,,,,,,,,,,,,,,,,,
,-5.005139,-81.169444,,,,,,,,,,,,,,,,,,
,-5.006806,-81.169444,,,,,,,,,,,,,,,,,,
,-5.008194,-81.169167,,,,,,,,,,,,,,,,,,
,-5.009028,-81.168889,,,,,,,,,,,,,,,,,,
,-5.010417,-81.168611,,,,,,,,,,,,,,,,,,
,-5.011528,-81.168056,,,,,,,,,,,,,,,,,,
,-5.012639,-81.1675,,,,,,,,,,,,,,,,,,
,-5.01375,-81.166944,,,,,,,,,,,,,,,,,,
,-5.015139,-81.166111,,,,,,,,,,,,,,,,,,
,-4.985139,-81.178056,,,,,,,,,,,,,,,,,,
,-4.987361,-81.177222,,,,,,,,,,,,,,,,,,
,-4.989861,-81.176389,,,,,,,,,,,,,,,,,,
,-4.992361,-81.176111,,,,,,,,,,,,,,,,,,
,-4.99375,-81.175556,,,,,,,,,,,,,,,,,,
,-4.994861,-81.175278,,,,,,,,,,,,,,,,,,
,-4.995972,-81.175,,,,,,,,,,,,,,,,,,
,-4.996528,-81.174167,,,,,,,,,,,,,,,,,,
,-5.001528,-81.158333,,,,,,,,,,,,,,,,,,
,-5.003194,-81.158333,,,,,,,,,,,,,,,,,,
,-5.004583,-81.158333,,,,,,,,,,,,,,,,,,
,-5.00625,-81.158333,,,,,,,,,,,,,,,,,,
,-5.007917,-81.158611,,,,,,,,,,,,,,,,,,
,-5.009583,-81.158611,,,,,,,,,,,,,,,,,,
,-5.01125,-81.158611,,,,,,,,,,,,,,,,,,
,-5.012917,-81.158611,,,,,,,,,,,,,,,,,,
,-5.014583,-81.158611,,,,,,,,,,,,,,,,,,
,-5.01625,-81.158611,,,,,,,,,,,,,,,,,,
,-5.002639,-81.178611,,,,,,,,,,,,,,,,,,
,-5.004583,-81.178889,,,,,,,,,,,,,,,,,,
,-5.00625,-81.179167,,,,,,,,,,,,,,,,,,
,-5.007361,-81.179722,,,,,,,,,,,,,,,,,,
,-5.008472,-81.179722,,,,,,,,,,,,,,,,,,
,-5.00875,-81.179167,,,,,,,,,,,,,,,,,,
,-4.950694,-81.196111,,,,,,,,,,,,,,,,,,
,-4.952083,-81.196389,,,,,,,,,,,,,,,,,,
,-4.952917,-81.196667,,,,,,,,,,,,,,,,,,
,-4.953472,-81.196667,,,,,,,,,,,,,,,,,,
,-4.954028,-81.196944,,,,,,,,,,,,,,,,,,
,-4.954583,-81.196667,,,,,,,,,,,,,,,,,,
,-4.970417,-81.183333,,,,,,,,,,,,,,,,,,
,-4.972639,-81.1825,,,,,,,,,,,,,,,,,,
,-4.974861,-81.181667,,,,,,,,,,,,,,,,,,
,-4.977361,-81.181111,,,,,,,,,,,,,,,,,,
,-4.979583,-81.18,,,,,,,,,,,,,,,,,,
,-4.980694,-81.179444,,,,,,,,,,,,,,,,,,
,-4.981806,-81.179167,,,,,,,,,,,,,,,,,,
,-4.982917,-81.178333,,,,,,,,,,,,,,,,,,
,-4.984028,-81.177778,,,,,,,,,,,,,,,,,,
,-5.00625,-81.147222,,,,,,,,,,,,,,,,,,
,-5.007361,-81.146389,,,,,,,,,,,,,,,,,,
,-5.00875,-81.145833,,,,,,,,,,,,,,,,,,
,-5.009861,-81.145,,,,,,,,,,,,,,,,,,
,-5.01125,-81.144444,,,,,,,,,,,,,,,,,,
,-5.012639,-81.143611,,,,,,,,,,,,,,,,,,
,-5.01375,-81.1425,,,,,,,,,,,,,,,,,,
,-5.015139,-81.141667,,,,,,,,,,,,,,,,,,
,-5.599028,-81.017778,,,,,,,,,,,,,,,,,,
,-5.600694,-81.0175,,,,,,,,,,,,,,,,,,
,-5.602639,-81.0175,,,,,,,,,,,,,,,,,,
,-5.604306,-81.017222,,,,,,,,,,,,,,,,,,
,-5.605972,-81.016944,,,,,,,,,,,,,,,,,,
,-5.606806,-81.016944,,,,,,,,,,,,,,,,,,
,-5.607917,-81.016944,,,,,,,,,,,,,,,,,,
,-5.60875,-81.016667,,,,,,,,,,,,,,,,,,
,-5.67875,-80.931389,,,,,,,,,,,,,,,,,,
,-5.680972,-80.932222,,,,,,,,,,,,,,,,,,
,-5.683194,-80.933056,,,,,,,,,,,,,,,,,,
,-5.685417,-80.933611,,,,,,,,,,,,,,,,,,
,-5.687639,-80.934444,,,,,,,,,,,,,,,,,,
,-5.689861,-80.935278,,,,,,,,,,,,,,,,,,
,-5.692083,-80.936111,,,,,,,,,,,,,,,,,,
,-5.694306,-80.936944,,,,,,,,,,,,,,,,,,
,-5.69625,-80.938056,,,,,,,,,,,,,,,,,,
,-5.69875,-80.938889,,,,,,,,,,,,,,,,,,
,-5.699861,-80.941111,,,,,,,,,,,,,,,,,,
,-4.955694,-81.206667,,,,,,,,,,,,,,,,,,
,-4.957639,-81.205556,,,,,,,,,,,,,,,,,,
,-4.959861,-81.204722,,,,,,,,,,,,,,,,,,
,-4.962083,-81.203889,,,,,,,,,,,,,,,,,,
,-4.964306,-81.203056,,,,,,,,,,,,,,,,,,
,-4.966528,-81.2025,,,,,,,,,,,,,,,,,,
,-4.96875,-81.201944,,,,,,,,,,,,,,,,,,
,-4.970694,-81.201111,,,,,,,,,,,,,,,,,,
,-4.972917,-81.200278,,,,,,,,,,,,,,,,,,
,-4.994583,-81.187222,,,,,,,,,,,,,,,,,,
,-4.995417,-81.186389,,,,,,,,,,,,,,,,,,
,-4.99625,-81.185556,,,,,,,,,,,,,,,,,,
,-4.997083,-81.184722,,,,,,,,,,,,,,,,,,
,-4.998194,-81.183889,,,,,,,,,,,,,,,,,,
,-4.999028,-81.183056,,,,,,,,,,,,,,,,,,
,-5.000139,-81.182222,,,,,,,,,,,,,,,,,,
,-5.00125,-81.181389,,,,,,,,,,,,,,,,,,
,-5.002083,-81.180278,,,,,,,,,,,,,,,,,,
,-5.006806,-81.158611,,,,,,,,,,,,,,,,,,
,-5.009028,-81.158889,,,,,,,,,,,,,,,,,,
,-5.010694,-81.158889,,,,,,,,,,,,,,,,,,
,-5.011528,-81.159167,,,,,,,,,,,,,,,,,,
,-5.012639,-81.159444,,,,,,,,,,,,,,,,,,
,-5.01375,-81.159167,,,,,,,,,,,,,,,,,,
,-5.617361,-81.039722,,,,,,,,,,,,,,,,,,
,-5.61875,-81.039167,,,,,,,,,,,,,,,,,,
,-5.620417,-81.038333,,,,,,,,,,,,,,,,,,
,-5.621528,-81.037778,,,,,,,,,,,,,,,,,,
,-5.621806,-81.0375,,,,,,,,,,,,,,,,,,
,-5.622639,-81.037222,,,,,,,,,,,,,,,,,,
,-5.623472,-81.036944,,,,,,,,,,,,,,,,,,
,-5.613472,-80.987222,,,,,,,,,,,,,,,,,,
,-5.615694,-80.9875,,,,,,,,,,,,,,,,,,
,-5.617917,-80.987778,,,,,,,,,,,,,,,,,,
,-5.619583,-80.988056,,,,,,,,,,,,,,,,,,
,-5.620417,-80.988333,,,,,,,,,,,,,,,,,,
,-5.621806,-80.988611,,,,,,,,,,,,,,,,,,
,-5.622639,-80.988611,,,,,,,,,,,,,,,,,,
,-5.00875,-81.141111,,,,,,,,,,,,,,,,,,
,-5.009583,-81.141111,,,,,,,,,,,,,,,,,,
,-5.010417,-81.141111,,,,,,,,,,,,,,,,,,
,-5.010972,-81.141389,,,,,,,,,,,,,,,,,,
,-5.011528,-81.141667,,,,,,,,,,,,,,,,,,
,-5.011806,-81.141944,,,,,,,,,,,,,,,,,,
,-5.012361,-81.141944,,,,,,,,,,,,,,,,,,
,-5.012639,-81.142222,,,,,,,,,,,,,,,,,,
,-5.015417,-81.120556,,,,,,,,,,,,,,,,,,
,-5.01625,-81.120833,,,,,,,,,,,,,,,,,,
,-5.017083,-81.121111,,,,,,,,,,,,,,,,,,
,-5.017361,-81.121389,,,,,,,,,,,,,,,,,,
,-5.017639,-81.121389,,,,,,,,,,,,,,,,,,
,-5.018194,-81.121389,,,,,,,,,,,,,,,,,,
,-5.005417,-81.159444,,,,,,,,,,,,,,,,,,
,-5.00625,-81.158611,,,,,,,,,,,,,,,,,,
,-5.006528,-81.1575,,,,,,,,,,,,,,,,,,
,-5.007083,-81.156944,,,,,,,,,,,,,,,,,,
,-5.007361,-81.1575,,,,,,,,,,,,,,,,,,
,-5.007639,-81.157222,,,,,,,,,,,,,,,,,,
,-5.008194,-81.157222,,,,,,,,,,,,,,,,,,
,-5.00875,-81.156944,,,,,,,,,,,,,,,,,,
,-5.011528,-81.135556,,,,,,,,,,,,,,,,,,
,-5.012917,-81.135,,,,,,,,,,,,,,,,,,
,-5.013472,-81.134722,,,,,,,,,,,,,,,,,,
,-5.014306,-81.135,,,,,,,,,,,,,,,,,,
,-5.014583,-81.135278,,,,,,,,,,,,,,,,,,
,-5.015139,-81.135278,,,,,,,,,,,,,,,,,,
,-5.015972,-81.135,,,,,,,,,,,,,,,,,,
,-5.667639,-81.020556,,,,,,,,,,,,,,,,,,
,-5.669306,-81.02,,,,,,,,,,,,,,,,,,
,-5.67125,-81.019167,,,,,,,,,,,,,,,,,,
,-5.672639,-81.019167,,,,,,,,,,,,,,,,,,
,-5.673472,-81.019444,,,,,,,,,,,,,,,,,,
,-5.674861,-81.02,,,,,,,,,,,,,,,,,,
,-5.675972,-81.02,,,,,,,,,,,,,,,,,,
,-5.650972,-81.023056,,,,,,,,,,,,,,,,,,
,-5.649583,-81.024167,,,,,,,,,,,,,,,,,,
,-5.651806,-81.024444,,,,,,,,,,,,,,,,,,
,-5.653194,-81.025,,,,,,,,,,,,,,,,,,
,-5.654028,-81.025556,,,,,,,,,,,,,,,,,,
,-5.655417,-81.025833,,,,,,,,,,,,,,,,,,
,-5.655972,-81.025833,,,,,,,,,,,,,,,,,,
,-5.672361,-80.979167,,,,,,,,,,,,,,,,,,
,-5.674028,-80.975833,,,,,,,,,,,,,,,,,,
,-5.675972,-80.976389,,,,,,,,,,,,,,,,,,
,-5.677083,-80.977222,,,,,,,,,,,,,,,,,,
,-5.678194,-80.977778,,,,,,,,,,,,,,,,,,
,-5.679028,-80.978333,,,,,,,,,,,,,,,,,,
,-5.687917,-80.943889,,,,,,,,,,,,,,,,,,
,-5.680694,-80.930833,,,,,,,,,,,,,,,,,,
,-5.683194,-80.931667,,,,,,,,,,,,,,,,,,
,-5.685417,-80.932222,,,,,,,,,,,,,,,,,,
,-5.687917,-80.933056,,,,,,,,,,,,,,,,,,
,-5.690139,-80.934167,,,,,,,,,,,,,,,,,,
,-5.692361,-80.935,,,,,,,,,,,,,,,,,,
,-5.694861,-80.935556,,,,,,,,,,,,,,,,,,
,-5.01125,-81.15,,,,,,,,,,,,,,,,,,
,-5.013194,-81.149444,,,,,,,,,,,,,,,,,,
,-5.014028,-81.149167,,,,,,,,,,,,,,,,,,
,-5.014306,-81.148889,,,,,,,,,,,,,,,,,,
,-5.014861,-81.148889,,,,,,,,,,,,,,,,,,
,-5.015139,-81.148056,,,,,,,,,,,,,,,,,,
,-5.001528,-81.151667,,,,,,,,,,,,,,,,,,
,-5.002917,-81.151111,,,,,,,,,,,,,,,,,,
,-5.004306,-81.150556,,,,,,,,,,,,,,,,,,
,-5.005694,-81.150278,,,,,,,,,,,,,,,,,,
,-5.007083,-81.149722,,,,,,,,,,,,,,,,,,
,-5.008472,-81.149167,,,,,,,,,,,,,,,,,,
,-5.009861,-81.148611,,,,,,,,,,,,,,,,,,
,-5.01125,-81.148056,,,,,,,,,,,,,,,,,,
,-5.012639,-81.1475,,,,,,,,,,,,,,,,,,
,-5.014028,-81.146944,,,,,,,,,,,,,,,,,,
,-5.015417,-81.146389,,,,,,,,,,,,,,,,,,
,-5.016806,-81.145833,,,,,,,,,,,,,,,,,,
,-4.977917,-81.184167,,,,,,,,,,,,,,,,,,
,-4.980694,-81.184167,,,,,,,,,,,,,,,,,,
,-4.982639,-81.183889,,,,,,,,,,,,,,,,,,
,-4.984028,-81.183889,,,,,,,,,,,,,,,,,,
,-4.985417,-81.183889,,,,,,,,,,,,,,,,,,
,-4.987083,-81.183056,,,,,,,,,,,,,,,,,,
,-5.013194,-81.160833,,,,,,,,,,,,,,,,,,
,-5.012917,-81.160556,,,,,,,,,,,,,,,,,,
,-5.012917,-81.160556,,,,,,,,,,,,,,,,,,
,-5.013194,-81.160278,,,,,,,,,,,,,,,,,,
,-5.013194,-81.160278,,,,,,,,,,,,,,,,,,
,-5.01375,-81.160556,,,,,,,,,,,,,,,,,,
,-5.014306,-81.160556,,,,,,,,,,,,,,,,,,
,-5.014583,-81.160278,,,,,,,,,,,,,,,,,,
,-5.014861,-81.160278,,,,,,,,,,,,,,,,,,
,-4.872361,-81.2575,,,,,,,,,,,,,,,,,,
,-4.874306,-81.256667,,,,,,,,,,,,,,,,,,
,-4.876528,-81.256111,,,,,,,,,,,,,,,,,,
,-4.879028,-81.255556,,,,,,,,,,,,,,,,,,
,-4.880694,-81.251944,,,,,,,,,,,,,,,,,,
,-4.883472,-81.251667,,,,,,,,,,,,,,,,,,
,-4.88625,-81.251389,,,,,,,,,,,,,,,,,,
,-4.88875,-81.250833,,,,,,,,,,,,,,,,,,
,-4.889306,-81.248333,,,,,,,,,,,,,,,,,,
,-4.89125,-81.248611,,,,,,,,,,,,,,,,,,
,-4.891528,-81.246111,,,,,,,,,,,,,,,,,,
,-5.012361,-81.154167,,,,,,,,,,,,,,,,,,
,-5.013194,-81.153056,,,,,,,,,,,,,,,,,,
,-5.013472,-81.1525,,,,,,,,,,,,,,,,,,
,-5.014306,-81.1525,,,,,,,,,,,,,,,,,,
,-5.014583,-81.152222,,,,,,,,,,,,,,,,,,
,-5.014583,-81.151389,,,,,,,,,,,,,,,,,,
,-5.010139,-81.146111,,,,,,,,,,,,,,,,,,
,-5.010972,-81.145278,,,,,,,,,,,,,,,,,,
,-5.012361,-81.145,,,,,,,,,,,,,,,,,,
,-5.013472,-81.145,,,,,,,,,,,,,,,,,,
,-5.014306,-81.145,,,,,,,,,,,,,,,,,,
,-5.014861,-81.145,,,,,,,,,,,,,,,,,,
,-5.014861,-81.144722,,,,,,,,,,,,,,,,,,
,-5.005139,-81.147778,,,,,,,,,,,,,,,,,,
,-5.006806,-81.1475,,,,,,,,,,,,,,,,,,
,-5.008194,-81.1475,,,,,,,,,,,,,,,,,,
,-5.009306,-81.147778,,,,,,,,,,,,,,,,,,
,-5.010694,-81.148056,,,,,,,,,,,,,,,,,,
,-5.011806,-81.148333,,,,,,,,,,,,,,,,,,
,-5.012361,-81.147778,,,,,,,,,,,,,,,,,,
,-5.01375,-81.124722,,,,,,,,,,,,,,,,,,
,-5.01375,-81.121111,,,,,,,,,,,,,,,,,,
,-5.01375,-81.119722,,,,,,,,,,,,,,,,,,
,-5.014583,-81.119722,,,,,,,,,,,,,,,,,,
,-5.014861,-81.120278,,,,,,,,,,,,,,,,,,
,-5.015417,-81.120278,,,,,,,,,,,,,,,,,,
,-4.929861,-81.213611,,,,,,,,,,,,,,,,,,
,-4.931806,-81.212222,,,,,,,,,,,,,,,,,,
,-4.93375,-81.211111,,,,,,,,,,,,,,,,,,
,-4.935417,-81.210278,,,,,,,,,,,,,,,,,,
,-4.936528,-81.209722,,,,,,,,,,,,,,,,,,
,-4.937361,-81.208889,,,,,,,,,,,,,,,,,,
,-4.938194,-81.208333,,,,,,,,,,,,,,,,,,
,-4.985972,-81.173333,,,,,,,,,,,,,,,,,,
,-4.987917,-81.172778,,,,,,,,,,,,,,,,,,
,-4.990139,-81.172778,,,,,,,,,,,,,,,,,,
,-4.992083,-81.1725,,,,,,,,,,,,,,,,,,
,-4.994028,-81.1725,,,,,,,,,,,,,,,,,,
,-4.99625,-81.172222,,,,,,,,,,,,,,,,,,
,-4.997639,-81.171944,,,,,,,,,,,,,,,,,,
,-4.992639,-81.184167,,,,,,,,,,,,,,,,,,
,-4.994583,-81.183889,,,,,,,,,,,,,,,,,,
,-4.99625,-81.183611,,,,,,,,,,,,,,,,,,
,-4.997639,-81.183056,,,,,,,,,,,,,,,,,,
,-4.999028,-81.183056,,,,,,,,,,,,,,,,,,
,-4.999583,-81.183056,,,,,,,,,,,,,,,,,,
,-4.999861,-81.183056,,,,,,,,,,,,,,,,,,
,-4.974861,-81.190556,,,,,,,,,,,,,,,,,,
,-4.977083,-81.190278,,,,,,,,,,,,,,,,,,
,-4.979583,-81.189722,,,,,,,,,,,,,,,,,,
,-4.980972,-81.189444,,,,,,,,,,,,,,,,,,
,-4.982361,-81.189444,,,,,,,,,,,,,,,,,,
,-4.983472,-81.188889,,,,,,,,,,,,,,,,,,
,-4.977361,-81.155,,,,,,,,,,,,,,,,,,
,-4.980417,-81.154722,,,,,,,,,,,,,,,,,,
,-4.982639,-81.154722,,,,,,,,,,,,,,,,,,
,-4.984306,-81.154722,,,,,,,,,,,,,,,,,,
,-4.985694,-81.154722,,,,,,,,,,,,,,,,,,
,-4.986806,-81.154444,,,,,,,,,,,,,,,,,,
,-4.99875,-81.137222,,,,,,,,,,,,,,,,,,
,-4.999861,-81.136944,,,,,,,,,,,,,,,,,,
,-5.000972,-81.136944,,,,,,,,,,,,,,,,,,
,-5.001528,-81.136944,,,,,,,,,,,,,,,,,,
,-5.002361,-81.137222,,,,,,,,,,,,,,,,,,
,-5.003194,-81.137222,,,,,,,,,,,,,,,,,,
,-5.00375,-81.137778,,,,,,,,,,,,,,,,,,
,-5.004583,-81.137778,,,,,,,,,,,,,,,,,,
,-5.005694,-81.137222,,,,,,,,,,,,,,,,,,
,-5.006528,-81.135833,,,,,,,,,,,,,,,,,,
,-4.943472,-81.212222,,,,,,,,,,,,,,,,,,
,-4.945694,-81.211111,,,,,,,,,,,,,,,,,,
,-4.947917,-81.210556,,,,,,,,,,,,,,,,,,
,-4.949861,-81.209722,,,,,,,,,,,,,,,,,,
,-4.952083,-81.209167,,,,,,,,,,,,,,,,,,
,-4.954028,-81.208333,,,,,,,,,,,,,,,,,,
,-4.95625,-81.207778,,,,,,,,,,,,,,,,,,
,-4.958472,-81.206667,,,,,,,,,,,,,,,,,,
,-4.999583,-81.151111,,,,,,,,,,,,,,,,,,
,-5.000972,-81.150278,,,,,,,,,,,,,,,,,,
,-5.002361,-81.149444,,,,,,,,,,,,,,,,,,
,-5.00375,-81.148611,,,,,,,,,,,,,,,,,,
,-5.005139,-81.147778,,,,,,,,,,,,,,,,,,
,-5.00625,-81.146944,,,,,,,,,,,,,,,,,,
,-5.007361,-81.146667,,,,,,,,,,,,,,,,,,
,-5.00875,-81.145833,,,,,,,,,,,,,,,,,,
,-5.009861,-81.145278,,,,,,,,,,,,,,,,,,
,-5.01125,-81.144444,,,,,,,,,,,,,,,,,,
,-5.000972,-81.181667,,,,,,,,,,,,,,,,,,
,-5.002917,-81.181667,,,,,,,,,,,,,,,,,,
,-5.004306,-81.181944,,,,,,,,,,,,,,,,,,
,-5.005139,-81.182222,,,,,,,,,,,,,,,,,,
,-5.005972,-81.182222,,,,,,,,,,,,,,,,,,
,-5.006528,-81.181667,,,,,,,,,,,,,,,,,,
,-5.6105,-81.039499,,,,,,,,,,,,,,,,,,
,-5.6118,-81.0389,,,,,,,,,,,,,,,,,,
,-5.613,-81.0382,,,,,,,,,,,,,,,,,,
,-5.6134,-81.0378,,,,,,,,,,,,,,,,,,
,-5.6134,-81.0375,,,,,,,,,,,,,,,,,,
,-5.6137,-81.037199,,,,,,,,,,,,,,,,,,
,-5.6138,-81.0367,,,,,,,,,,,,,,,,,,
,-5.5923,-80.9973,,,,,,,,,,,,,,,,,,
,-5.5943,-80.9974,,,,,,,,,,,,,,,,,,
,-5.5965,-80.9975,,,,,,,,,,,,,,,,,,
,-5.5982,-80.9974,,,,,,,,,,,,,,,,,,
,-5.599,-80.997799,,,,,,,,,,,,,,,,,,
,-5.6001,-80.9977,,,,,,,,,,,,,,,,,,
,-5.6011,-80.9979,,,,,,,,,,,,,,,,,,
,-5.6026,-80.9979,,,,,,,,,,,,,,,,,,
,-5.7061,-80.9311,,,,,,,,,,,,,,,,,,
,-5.706,-80.9311,,,,,,,,,,,,,,,,,,
,-5.706,-80.9311,,,,,,,,,,,,,,,,,,
,-5.706,-80.9311,,,,,,,,,,,,,,,,,,
,-5.706,-80.9311,,,,,,,,,,,,,,,,,,
,-5.706,-80.9311,,,,,,,,,,,,,,,,,,
,-5.7061,-80.931199,,,,,,,,,,,,,,,,,,
,-5.7061,-80.931199,,,,,,,,,,,,,,,,,,
,-5.706,-80.931199,,,,,,,,,,,,,,,,,,
,-5.706,-80.931199,,,,,,,,,,,,,,,,,,
,-5.706,-80.931199,,,,,,,,,,,,,,,,,,
,-5.706,-80.931199,,,,,,,,,,,,,,,,,,
,-5.706,-80.9313,,,,,,,,,,,,,,,,,,
,-5.706,-80.931199,,,,,,,,,,,,,,,,,,
,-5.706,-80.931199,,,,,,,,,,,,,,,,,,
,-5.706,-80.931199,,,,,,,,,,,,,,,,,,
,-5.706,-80.931199,,,,,,,,,,,,,,,,,,
,-5.706,-80.931199,,,,,,,,,,,,,,,,,,
,-5.706,-80.9311,,,,,,,,,,,,,,,,,,
,-5.706,-80.9311,,,,,,,,,,,,,,,,,,
,-5.706,-80.9311,,,,,,,,,,,,,,,,,,
,-5.706,-80.9311,,,,,,,,,,,,,,,,,,
,-5.706,-80.9311,,,,,,,,,,,,,,,,,,
,-5.706,-80.9311,,,,,,,,,,,,,,,,,,
,-5.706,-80.9311,,,,,,,,,,,,,,,,,,
,-5.706,-80.9311,,,,,,,,,,,,,,,,,,
,-5.706,-80.9311,,,,,,,,,,,,,,,,,,
,-5.706,-80.9311,,,,,,,,,,,,,,,,,,
,-5.706,-80.930999,,,,,,,,,,,,,,,,,,
,-5.706,-80.9311,,,,,,,,,,,,,,,,,,
,-5.706,-80.9311,,,,,,,,,,,,,,,,,,
,-5.706,-80.9311,,,,,,,,,,,,,,,,,,
,-5.706,-80.9311,,,,,,,,,,,,,,,,,,
,-5.7066,-80.931199,,,,,,,,,,,,,,,,,,
,-5.7069,-80.931199,,,,,,,,,,,,,,,,,,
,-5.7069,-80.931199,,,,,,,,,,,,,,,,,,
,-5.707,-80.931199,,,,,,,,,,,,,,,,,,
,-5.707,-80.931199,,,,,,,,,,,,,,,,,,
,-5.707,-80.931199,,,,,,,,,,,,,,,,,,
,-5.7071,-80.931199,,,,,,,,,,,,,,,,,,
,-5.7071,-80.931199,,,,,,,,,,,,,,,,,,
,-5.7072,-80.931199,,,,,,,,,,,,,,,,,,
,-5.7072,-80.931199,,,,,,,,,,,,,,,,,,
,-5.7073,-80.931199,,,,,,,,,,,,,,,,,,
,-5.7073,-80.931199,,,,,,,,,,,,,,,,,,
,-5.7073,-80.931199,,,,,,,,,,,,,,,,,,
,-5.7073,-80.931199,,,,,,,,,,,,,,,,,,
,-5.7074,-80.931199,,,,,,,,,,,,,,,,,,
,-5.7075,-80.930999,,,,,,,,,,,,,,,,,,
,-5.7076,-80.9309,,,,,,,,,,,,,,,,,,
,-5.7076,-80.9309,,,,,,,,,,,,,,,,,,
,-5.7076,-80.9309,,,,,,,,,,,,,,,,,,
,-5.7076,-80.9309,,,,,,,,,,,,,,,,,,
,-5.7075,-80.9309,,,,,,,,,,,,,,,,,,
,-5.7075,-80.9309,,,,,,,,,,,,,,,,,,
,-5.7076,-80.9309,,,,,,,,,,,,,,,,,,
,-5.7075,-80.930799,,,,,,,,,,,,,,,,,,
,-5.7076,-80.930799,,,,,,,,,,,,,,,,,,
,-5.7076,-80.930799,,,,,,,,,,,,,,,,,,
,-5.7076,-80.930799,,,,,,,,,,,,,,,,,,
,-5.7076,-80.930799,,,,,,,,,,,,,,,,,,
,-5.7076,-80.930799,,,,,,,,,,,,,,,,,,
,-5.7076,-80.930799,,,,,,,,,,,,,,,,,,
,-5.7076,-80.9309,,,,,,,,,,,,,,,,,,
,-5.7076,-80.9309,,,,,,,,,,,,,,,,,,
,-5.7074,-80.930999,,,,,,,,,,,,,,,,,,
,-5.7074,-80.930999,,,,,,,,,,,,,,,,,,
,-5.7073,-80.930999,,,,,,,,,,,,,,,,,,
,-5.7073,-80.930999,,,,,,,,,,,,,,,,,,
,-5.7073,-80.930999,,,,,,,,,,,,,,,,,,
,-5.7074,-80.930999,,,,,,,,,,,,,,,,,,
,-5.7074,-80.930999,,,,,,,,,,,,,,,,,,
,-5.7074,-80.930999,,,,,,,,,,,,,,,,,,
,-5.7074,-80.930999,,,,,,,,,,,,,,,,,,
,-5.7074,-80.930999,,,,,,,,,,,,,,,,,,
,-5.7074,-80.930999,,,,,,,,,,,,,,,,,,
,-5.7074,-80.930999,,,,,,,,,,,,,,,,,,
,-5.7074,-80.9311,,,,,,,,,,,,,,,,,,
,-5.7073,-80.9311,,,,,,,,,,,,,,,,,,
,-5.7073,-80.9311,,,,,,,,,,,,,,,,,,
,-5.7082,-80.9315,,,,,,,,,,,,,,,,,,
,-5.7002,-80.9349,,,,,,,,,,,,,,,,,,
,-5.7025,-80.9359,,,,,,,,,,,,,,,,,,
,-5.7048,-80.936699,,,,,,,,,,,,,,,,,,
,-5.7072,-80.9372,,,,,,,,,,,,,,,,,,
,-5.7096,-80.9381,,,,,,,,,,,,,,,,,,
,-5.7108,-80.938899,,,,,,,,,,,,,,,,,,
,-5.7113,-80.9399,,,,,,,,,,,,,,,,,,
,-5.7123,-80.940499,,,,,,,,,,,,,,,,,,
,-5.7127,-80.9408,,,,,,,,,,,,,,,,,,
,-4.9901,-81.161299,,,,,,,,,,,,,,,,,,
,-4.992,-81.1607,,,,,,,,,,,,,,,,,,
,-4.9939,-81.1601,,,,,,,,,,,,,,,,,,
,-4.9959,-81.159699,,,,,,,,,,,,,,,,,,
,-4.9973,-81.159499,,,,,,,,,,,,,,,,,,
,-4.9981,-81.159699,,,,,,,,,,,,,,,,,,
,-4.9989,-81.1596,,,,,,,,,,,,,,,,,,
,-5,-81.1596,,,,,,,,,,,,,,,,,,
,-5.0004,-81.159299,,,,,,,,,,,,,,,,,,
,-4.9979,-81.1535,,,,,,,,,,,,,,,,,,
,-4.9997,-81.152899,,,,,,,,,,,,,,,,,,
,-5.0011,-81.1524,,,,,,,,,,,,,,,,,,
,-5.0025,-81.151999,,,,,,,,,,,,,,,,,,
,-5.0039,-81.151599,,,,,,,,,,,,,,,,,,
,-5.0053,-81.1512,,,,,,,,,,,,,,,,,,
,-5.0068,-81.1506,,,,,,,,,,,,,,,,,,
,-5.0081,-81.149999,,,,,,,,,,,,,,,,,,
,-5.0095,-81.149299,,,,,,,,,,,,,,,,,,
,-4.9969,-81.1784,,,,,,,,,,,,,,,,,,
,-4.9987,-81.1784,,,,,,,,,,,,,,,,,,
,-5.0004,-81.178499,,,,,,,,,,,,,,,,,,
,-5.0022,-81.1786,,,,,,,,,,,,,,,,,,
,-5.0033,-81.178499,,,,,,,,,,,,,,,,,,
,-5.004,-81.1786,,,,,,,,,,,,,,,,,,
,-5.005,-81.1784,,,,,,,,,,,,,,,,,,
,-5.0137,-81.1553,,,,,,,,,,,,,,,,,,
,-5.0136,-81.155199,,,,,,,,,,,,,,,,,,
,-5.0138,-81.1553,,,,,,,,,,,,,,,,,,
,-5.0139,-81.155199,,,,,,,,,,,,,,,,,,
,-5.0142,-81.1551,,,,,,,,,,,,,,,,,,
,-5.0143,-81.1553,,,,,,,,,,,,,,,,,,
,-5.0144,-81.155399,,,,,,,,,,,,,,,,,,
,-5.0145,-81.155399,,,,,,,,,,,,,,,,,,
,-5.0149,-81.1553,,,,,,,,,,,,,,,,,,
,-5.0145,-81.154999,,,,,,,,,,,,,,,,,,
,-4.9427,-81.1906,,,,,,,,,,,,,,,,,,
,-4.9433,-81.190999,,,,,,,,,,,,,,,,,,
,-4.9441,-81.1913,,,,,,,,,,,,,,,,,,
,-4.9447,-81.1917,,,,,,,,,,,,,,,,,,
,-4.9449,-81.192,,,,,,,,,,,,,,,,,,
,-4.9449,-81.192099,,,,,,,,,,,,,,,,,,
,-4.9453,-81.192099,,,,,,,,,,,,,,,,,,
,-4.9455,-81.1915,,,,,,,,,,,,,,,,,,
,-4.9955,-81.150899,,,,,,,,,,,,,,,,,,
,-4.9961,-81.1453,,,,,,,,,,,,,,,,,,
,-4.9965,-81.143599,,,,,,,,,,,,,,,,,,
,-4.997,-81.1419,,,,,,,,,,,,,,,,,,
,-4.9975,-81.1403,,,,,,,,,,,,,,,,,,
,-4.9981,-81.1386,,,,,,,,,,,,,,,,,,
,-4.9987,-81.1369,,,,,,,,,,,,,,,,,,
,-4.9994,-81.1354,,,,,,,,,,,,,,,,,,
,-5,-81.1338,,,,,,,,,,,,,,,,,,
,-5.0002,-81.1325,,,,,,,,,,,,,,,,,,
,-5.0004,-81.132,,,,,,,,,,,,,,,,,,
,-5.0004,-81.131599,,,,,,,,,,,,,,,,,,
,-5.0003,-81.131199,,,,,,,,,,,,,,,,,,
,-5.0006,-81.1309,,,,,,,,,,,,,,,,,,
,-5.0008,-81.130299,,,,,,,,,,,,,,,,,,
,-5.0138,-81.146599,,,,,,,,,,,,,,,,,,
,-5.0149,-81.144999,,,,,,,,,,,,,,,,,,
,-5.0157,-81.144,,,,,,,,,,,,,,,,,,
,-5.0164,-81.1437,,,,,,,,,,,,,,,,,,
,-5.0168,-81.143899,,,,,,,,,,,,,,,,,,
,-5.0171,-81.143899,,,,,,,,,,,,,,,,,,
,-5.0174,-81.143899,,,,,,,,,,,,,,,,,,
,-5.018,-81.143899,,,,,,,,,,,,,,,,,,
,-5.0186,-81.144,,,,,,,,,,,,,,,,,,
,-5.019,-81.143899,,,,,,,,,,,,,,,,,,
,-5.5348,-80.9682,,,,,,,,,,,,,,,,,,
,-5.535,-80.968399,,,,,,,,,,,,,,,,,,
,-5.535,-80.9685,,,,,,,,,,,,,,,,,,
,-5.535,-80.968599,,,,,,,,,,,,,,,,,,
,-5.5352,-80.9687,,,,,,,,,,,,,,,,,,
,-5.5353,-80.9687,,,,,,,,,,,,,,,,,,
,-5.5356,-80.967899,,,,,,,,,,,,,,,,,,
,-5.7027,-80.9685,,,,,,,,,,,,,,,,,,
,-5.7041,-80.968099,,,,,,,,,,,,,,,,,,
,-5.7056,-80.967699,,,,,,,,,,,,,,,,,,
,-5.7069,-80.9673,,,,,,,,,,,,,,,,,,
,-5.7082,-80.966999,,,,,,,,,,,,,,,,,,
,-5.7086,-80.9671,,,,,,,,,,,,,,,,,,
,-5.7087,-80.9669,,,,,,,,,,,,,,,,,,
,-5.7089,-80.9667,,,,,,,,,,,,,,,,,,
,-5.6494,-80.987399,,,,,,,,,,,,,,,,,,
,-5.6509,-80.9871,,,,,,,,,,,,,,,,,,
,-5.6527,-80.9866,,,,,,,,,,,,,,,,,,
,-5.6543,-80.985799,,,,,,,,,,,,,,,,,,
,-5.656,-80.984899,,,,,,,,,,,,,,,,,,
,-5.6576,-80.9841,,,,,,,,,,,,,,,,,,
,-5.659,-80.983,,,,,,,,,,,,,,,,,,
,-5.6605,-80.982399,,,,,,,,,,,,,,,,,,
,-5.6621,-80.9816,,,,,,,,,,,,,,,,,,
,-5.6637,-80.9807,,,,,,,,,,,,,,,,,,
,-5.6652,-80.979899,,,,,,,,,,,,,,,,,,
,-5.6668,-80.979199,,,,,,,,,,,,,,,,,,
,-5.6683,-80.978299,,,,,,,,,,,,,,,,,,
,-5.6421,-80.9703,,,,,,,,,,,,,,,,,,
,-5.6434,-80.970199,,,,,,,,,,,,,,,,,,
,-5.6446,-80.97,,,,,,,,,,,,,,,,,,
,-5.6453,-80.9705,,,,,,,,,,,,,,,,,,
,-5.6459,-80.970599,,,,,,,,,,,,,,,,,,
,-5.6467,-80.9712,,,,,,,,,,,,,,,,,,
,-5.6477,-80.971099,,,,,,,,,,,,,,,,,,
,-4.9494,-81.2167,,,,,,,,,,,,,,,,,,
,-4.951,-81.2162,,,,,,,,,,,,,,,,,,
,-4.9527,-81.2155,,,,,,,,,,,,,,,,,,
,-4.9542,-81.2149,,,,,,,,,,,,,,,,,,
,-4.9551,-81.2144,,,,,,,,,,,,,,,,,,
,-4.9557,-81.213799,,,,,,,,,,,,,,,,,,
,-4.9566,-81.213,,,,,,,,,,,,,,,,,,
,-4.957,-81.2123,,,,,,,,,,,,,,,,,,
,-4.9796,-81.184,,,,,,,,,,,,,,,,,,
,-4.9816,-81.1832,,,,,,,,,,,,,,,,,,
,-4.9837,-81.182399,,,,,,,,,,,,,,,,,,
,-4.986,-81.1818,,,,,,,,,,,,,,,,,,
,-4.9878,-81.1813,,,,,,,,,,,,,,,,,,
,-4.9892,-81.1807,,,,,,,,,,,,,,,,,,
,-4.9901,-81.1805,,,,,,,,,,,,,,,,,,
,-4.991,-81.179899,,,,,,,,,,,,,,,,,,
,-4.9917,-81.1796,,,,,,,,,,,,,,,,,,
,-4.9907,-81.161099,,,,,,,,,,,,,,,,,,
,-4.9927,-81.1605,,,,,,,,,,,,,,,,,,
,-4.9945,-81.1601,,,,,,,,,,,,,,,,,,
,-4.9965,-81.159499,,,,,,,,,,,,,,,,,,
,-4.9983,-81.158999,,,,,,,,,,,,,,,,,,
,-5,-81.1587,,,,,,,,,,,,,,,,,,
,-5.0017,-81.1585,,,,,,,,,,,,,,,,,,
,-5.0032,-81.158399,,,,,,,,,,,,,,,,,,
,-5.0047,-81.1585,,,,,,,,,,,,,,,,,,
,-5.0061,-81.1585,,,,,,,,,,,,,,,,,,
,-5.0067,-81.1789,,,,,,,,,,,,,,,,,,
,-5.0085,-81.179199,,,,,,,,,,,,,,,,,,
,-5.0102,-81.1795,,,,,,,,,,,,,,,,,,
,-5.0115,-81.1798,,,,,,,,,,,,,,,,,,
,-5.0121,-81.18,,,,,,,,,,,,,,,,,,
,-5.0133,-81.180099,,,,,,,,,,,,,,,,,,
,-5.0134,-81.1798,,,,,,,,,,,,,,,,,,
,-5.661528,-81.017778,,,,,,,,,,,,,,,,,,
,-5.663194,-81.017222,,,,,,,,,,,,,,,,,,
,-5.664583,-81.016944,,,,,,,,,,,,,,,,,,
,-5.66625,-81.016389,,,,,,,,,,,,,,,,,,
,-5.667639,-81.016389,,,,,,,,,,,,,,,,,,
,-5.668472,-81.016944,,,,,,,,,,,,,,,,,,
,-5.669583,-81.017222,,,,,,,,,,,,,,,,,,
,-5.670694,-81.0175,,,,,,,,,,,,,,,,,,
,-5.671806,-81.017778,,,,,,,,,,,,,,,,,,
,-5.672917,-81.018056,,,,,,,,,,,,,,,,,,
,-5.630139,-80.988056,,,,,,,,,,,,,,,,,,
,-5.632361,-80.987778,,,,,,,,,,,,,,,,,,
,-5.634306,-80.987778,,,,,,,,,,,,,,,,,,
,-5.635694,-80.9875,,,,,,,,,,,,,,,,,,
,-5.636806,-80.9875,,,,,,,,,,,,,,,,,,
,-5.638194,-80.987222,,,,,,,,,,,,,,,,,,
,-5.639583,-80.987222,,,,,,,,,,,,,,,,,,
,-5.690694,-80.964167,,,,,,,,,,,,,,,,,,
,-5.693194,-80.965278,,,,,,,,,,,,,,,,,,
,-5.695139,-80.966389,,,,,,,,,,,,,,,,,,
,-5.695972,-80.9675,,,,,,,,,,,,,,,,,,
,-5.697083,-80.968889,,,,,,,,,,,,,,,,,,
,-5.697917,-80.97,,,,,,,,,,,,,,,,,,
,-5.699028,-80.970278,,,,,,,,,,,,,,,,,,
,-4.977083,-81.179722,,,,,,,,,,,,,,,,,,
,-4.979583,-81.179167,,,,,,,,,,,,,,,,,,
,-4.982083,-81.178333,,,,,,,,,,,,,,,,,,
,-4.983472,-81.1775,,,,,,,,,,,,,,,,,,
,-4.984861,-81.176944,,,,,,,,,,,,,,,,,,
,-4.98625,-81.176389,,,,,,,,,,,,,,,,,,
,-4.987361,-81.176111,,,,,,,,,,,,,,,,,,
,-5.6928,-80.983,,,,,,,,,,,,,,,,,,
,-5.6935,-80.9827,,,,,,,,,,,,,,,,,,
,-5.694,-80.982199,,,,,,,,,,,,,,,,,,
,-5.6947,-80.9816,,,,,,,,,,,,,,,,,,
,-5.6955,-80.980799,,,,,,,,,,,,,,,,,,
,-5.6964,-80.9802,,,,,,,,,,,,,,,,,,
,-5.6974,-80.9796,,,,,,,,,,,,,,,,,,
,-5.6754,-80.9751,,,,,,,,,,,,,,,,,,
,-5.6761,-80.975199,,,,,,,,,,,,,,,,,,
,-5.6766,-80.9753,,,,,,,,,,,,,,,,,,
,-5.677,-80.9755,,,,,,,,,,,,,,,,,,
,-5.6772,-80.976,,,,,,,,,,,,,,,,,,
,-5.6773,-80.976299,,,,,,,,,,,,,,,,,,
,-5.6774,-80.976299,,,,,,,,,,,,,,,,,,
,-5.6773,-80.976299,,,,,,,,,,,,,,,,,,
,-5.6773,-80.9762,,,,,,,,,,,,,,,,,,
,-5.6773,-80.9762,,,,,,,,,,,,,,,,,,
,-5.6773,-80.9762,,,,,,,,,,,,,,,,,,
,-5.6773,-80.9762,,,,,,,,,,,,,,,,,,
,-5.6773,-80.9762,,,,,,,,,,,,,,,,,,
,-5.6774,-80.976,,,,,,,,,,,,,,,,,,
,-5.6781,-80.975599,,,,,,,,,,,,,,,,,,
,-5.681,-80.9764,,,,,,,,,,,,,,,,,,
,-5.682,-80.9759,,,,,,,,,,,,,,,,,,
,-5.6833,-80.9755,,,,,,,,,,,,,,,,,,
,-5.6845,-80.9751,,,,,,,,,,,,,,,,,,
,-5.6858,-80.974699,,,,,,,,,,,,,,,,,,
,-5.687,-80.9743,,,,,,,,,,,,,,,,,,
,-5.6884,-80.9737,,,,,,,,,,,,,,,,,,
,-5.6897,-80.973,,,,,,,,,,,,,,,,,,
,-5.6911,-80.9724,,,,,,,,,,,,,,,,,,
,-5.6483,-81.035,,,,,,,,,,,,,,,,,,
,-5.65,-81.034299,,,,,,,,,,,,,,,,,,
,-5.6518,-81.033599,,,,,,,,,,,,,,,,,,
,-5.6536,-81.032899,,,,,,,,,,,,,,,,,,
,-5.6548,-81.0332,,,,,,,,,,,,,,,,,,
,-5.6561,-81.0332,,,,,,,,,,,,,,,,,,
,-5.6569,-81.033,,,,,,,,,,,,,,,,,,
,-5.6477,-81.0029,,,,,,,,,,,,,,,,,,
,-5.6498,-81.0025,,,,,,,,,,,,,,,,,,
,-5.6516,-81.002,,,,,,,,,,,,,,,,,,
,-5.6529,-81.002099,,,,,,,,,,,,,,,,,,
,-5.6538,-81.0025,,,,,,,,,,,,,,,,,,
,-5.6549,-81.0025,,,,,,,,,,,,,,,,,,
,-5.6561,-81.002799,,,,,,,,,,,,,,,,,,
,-5.6749,-80.9821,,,,,,,,,,,,,,,,,,
,-5.6761,-80.981499,,,,,,,,,,,,,,,,,,
,-5.6773,-80.980799,,,,,,,,,,,,,,,,,,
,-5.6785,-80.9802,,,,,,,,,,,,,,,,,,
,-5.6799,-80.9798,,,,,,,,,,,,,,,,,,
,-5.6812,-80.979199,,,,,,,,,,,,,,,,,,
,-5.6824,-80.978599,,,,,,,,,,,,,,,,,,
,-5.6462,-80.9605,,,,,,,,,,,,,,,,,,
,-5.6485,-80.960899,,,,,,,,,,,,,,,,,,
,-5.6507,-80.9614,,,,,,,,,,,,,,,,,,
,-5.653,-80.961799,,,,,,,,,,,,,,,,,,
,-5.6573,-80.962699,,,,,,,,,,,,,,,,,,
,-5.6594,-80.963399,,,,,,,,,,,,,,,,,,
,-5.6617,-80.964,,,,,,,,,,,,,,,,,,
,-5.6915,-80.9413,,,,,,,,,,,,,,,,,,
,-5.6915,-80.9413,,,,,,,,,,,,,,,,,,
,-5.6915,-80.9413,,,,,,,,,,,,,,,,,,
,-5.6915,-80.9413,,,,,,,,,,,,,,,,,,
,-5.6915,-80.941399,,,,,,,,,,,,,,,,,,
,-5.6915,-80.941399,,,,,,,,,,,,,,,,,,
,-5.6917,-80.941399,,,,,,,,,,,,,,,,,,
,-5.6917,-80.941399,,,,,,,,,,,,,,,,,,
,-5.6918,-80.941399,,,,,,,,,,,,,,,,,,
,-5.6919,-80.941399,,,,,,,,,,,,,,,,,,
,-5.6923,-80.9413,,,,,,,,,,,,,,,,,,
,-5.6928,-80.941199,,,,,,,,,,,,,,,,,,
,-5.6935,-80.9409,,,,,,,,,,,,,,,,,,
,-5.6942,-80.940699,,,,,,,,,,,,,,,,,,
,-5.6946,-80.9406,,,,,,,,,,,,,,,,,,
,-5.6953,-80.940499,,,,,,,,,,,,,,,,,,
,-5.6961,-80.9404,,,,,,,,,,,,,,,,,,
,-5.6966,-80.940299,,,,,,,,,,,,,,,,,,
,-5.6972,-80.940299,,,,,,,,,,,,,,,,,,
,-5.6975,-80.940299,,,,,,,,,,,,,,,,,,
,-5.6981,-80.9402,,,,,,,,,,,,,,,,,,
,-5.6994,-80.940099,,,,,,,,,,,,,,,,,,
,-5.7002,-80.94,,,,,,,,,,,,,,,,,,
,-5.7014,-80.94,,,,,,,,,,,,,,,,,,
,-5.7025,-80.94,,,,,,,,,,,,,,,,,,
,-5.7034,-80.94,,,,,,,,,,,,,,,,,,
,-5.7042,-80.94,,,,,,,,,,,,,,,,,,
,-5.7051,-80.940099,,,,,,,,,,,,,,,,,,
,-5.7057,-80.940099,,,,,,,,,,,,,,,,,,
,-5.7057,-80.940099,,,,,,,,,,,,,,,,,,
,-5.7057,-80.94,,,,,,,,,,,,,,,,,,
,-5.7057,-80.94,,,,,,,,,,,,,,,,,,
,-5.7057,-80.94,,,,,,,,,,,,,,,,,,
,-5.7057,-80.94,,,,,,,,,,,,,,,,,,
,-5.7057,-80.94,,,,,,,,,,,,,,,,,,
,-5.7057,-80.94,,,,,,,,,,,,,,,,,,
,-5.7057,-80.94,,,,,,,,,,,,,,,,,,
,-5.7057,-80.94,,,,,,,,,,,,,,,,,,
,-5.7058,-80.94,,,,,,,,,,,,,,,,,,
,-5.7057,-80.94,,,,,,,,,,,,,,,,,,
,-5.7057,-80.94,,,,,,,,,,,,,,,,,,
,-5.7057,-80.94,,,,,,,,,,,,,,,,,,
,-5.7057,-80.94,,,,,,,,,,,,,,,,,,
,-5.7057,-80.94,,,,,,,,,,,,,,,,,,
,-5.7063,-80.9404,,,,,,,,,,,,,,,,,,
,-5.7,-80.940299,,,,,,,,,,,,,,,,,,
,-5.7008,-80.9408,,,,,,,,,,,,,,,,,,
,-5.7015,-80.940999,,,,,,,,,,,,,,,,,,
,-5.7017,-80.9411,,,,,,,,,,,,,,,,,,
,-5.7017,-80.941199,,,,,,,,,,,,,,,,,,
,-5.702,-80.9415,,,,,,,,,,,,,,,,,,
,-5.7022,-80.9418,,,,,,,,,,,,,,,,,,
,-5.7025,-80.9422,,,,,,,,,,,,,,,,,,
,-5.7029,-80.9426,,,,,,,,,,,,,,,,,,
,-5.7029,-80.9426,,,,,,,,,,,,,,,,,,
,-5.703,-80.9426,,,,,,,,,,,,,,,,,,
,-5.703,-80.9426,,,,,,,,,,,,,,,,,,
,-5.703,-80.9426,,,,,,,,,,,,,,,,,,
,-5.703,-80.9426,,,,,,,,,,,,,,,,,,
,-5.703,-80.9426,,,,,,,,,,,,,,,,,,
,-5.703,-80.9426,,,,,,,,,,,,,,,,,,
,-5.703,-80.9426,,,,,,,,,,,,,,,,,,
,-5.703,-80.9426,,,,,,,,,,,,,,,,,,
,-5.703,-80.9426,,,,,,,,,,,,,,,,,,
,-5.703,-80.9426,,,,,,,,,,,,,,,,,,
,-5.7029,-80.9426,,,,,,,,,,,,,,,,,,
,-5.7028,-80.9427,,,,,,,,,,,,,,,,,,
,-5.7028,-80.942799,,,,,,,,,,,,,,,,,,
,-5.7028,-80.9427,,,,,,,,,,,,,,,,,,
,-5.7028,-80.9427,,,,,,,,,,,,,,,,,,
,-5.7029,-80.9427,,,,,,,,,,,,,,,,,,
,-5.7029,-80.9427,,,,,,,,,,,,,,,,,,
,-5.7029,-80.9427,,,,,,,,,,,,,,,,,,
,-5.7029,-80.9427,,,,,,,,,,,,,,,,,,
,-5.7028,-80.9427,,,,,,,,,,,,,,,,,,
,-5.7028,-80.9427,,,,,,,,,,,,,,,,,,
,-5.7028,-80.942799,,,,,,,,,,,,,,,,,,
,-5.7028,-80.942799,,,,,,,,,,,,,,,,,,
,-5.7028,-80.942799,,,,,,,,,,,,,,,,,,
,-5.7027,-80.9429,,,,,,,,,,,,,,,,,,
,-5.7027,-80.9429,,,,,,,,,,,,,,,,,,
,-5.7027,-80.9429,,,,,,,,,,,,,,,,,,
,-5.7028,-80.9429,,,,,,,,,,,,,,,,,,
,-5.7027,-80.942999,,,,,,,,,,,,,,,,,,
,-5.7028,-80.9431,,,,,,,,,,,,,,,,,,
,-5.7032,-80.942999,,,,,,,,,,,,,,,,,,
,-5.7032,-80.9429,,,,,,,,,,,,,,,,,,
,-5.7032,-80.9429,,,,,,,,,,,,,,,,,,
,-5.7032,-80.9429,,,,,,,,,,,,,,,,,,
,-5.7032,-80.942799,,,,,,,,,,,,,,,,,,
,-5.7032,-80.942799,,,,,,,,,,,,,,,,,,
,-5.7035,-80.9429,,,,,,,,,,,,,,,,,,
,-4.9763,-81.1784,,,,,,,,,,,,,,,,,,
,-4.9782,-81.178099,,,,,,,,,,,,,,,,,,
,-4.9801,-81.1777,,,,,,,,,,,,,,,,,,
,-4.9819,-81.177399,,,,,,,,,,,,,,,,,,
,-4.9839,-81.1771,,,,,,,,,,,,,,,,,,
,-4.986,-81.177,,,,,,,,,,,,,,,,,,
,-4.9879,-81.176899,,,,,,,,,,,,,,,,,,
,-4.9812,-81.18,,,,,,,,,,,,,,,,,,
,-4.9836,-81.179199,,,,,,,,,,,,,,,,,,
,-4.9858,-81.178499,,,,,,,,,,,,,,,,,,
,-4.9874,-81.178099,,,,,,,,,,,,,,,,,,
,-4.9884,-81.178099,,,,,,,,,,,,,,,,,,
,-4.9895,-81.177799,,,,,,,,,,,,,,,,,,
,-4.9901,-81.1773,,,,,,,,,,,,,,,,,,
,-5.002,-81.1571,,,,,,,,,,,,,,,,,,
,-5.0037,-81.1571,,,,,,,,,,,,,,,,,,
,-5.0052,-81.156999,,,,,,,,,,,,,,,,,,
,-5.0067,-81.1571,,,,,,,,,,,,,,,,,,
,-5.0081,-81.1573,,,,,,,,,,,,,,,,,,
,-5.0094,-81.1573,,,,,,,,,,,,,,,,,,
,-5.0109,-81.1574,,,,,,,,,,,,,,,,,,
,-5.0125,-81.157699,,,,,,,,,,,,,,,,,,
,-5.005,-81.1797,,,,,,,,,,,,,,,,,,
,-5.0066,-81.179899,,,,,,,,,,,,,,,,,,
,-5.0078,-81.179899,,,,,,,,,,,,,,,,,,
,-5.0091,-81.180099,,,,,,,,,,,,,,,,,,
,-5.0104,-81.1804,,,,,,,,,,,,,,,,,,
,-5.0112,-81.180299,,,,,,,,,,,,,,,,,,
,-5.0114,-81.1802,,,,,,,,,,,,,,,,,,
,-5.0116,-81.1796,,,,,,,,,,,,,,,,,,
,-4.9707,-81.160599,,,,,,,,,,,,,,,,,,
,-4.9731,-81.1608,,,,,,,,,,,,,,,,,,
,-4.9755,-81.1609,,,,,,,,,,,,,,,,,,
,-4.9777,-81.161,,,,,,,,,,,,,,,,,,
,-4.9793,-81.161099,,,,,,,,,,,,,,,,,,
,-4.9806,-81.161099,,,,,,,,,,,,,,,,,,
,-4.9822,-81.161,,,,,,,,,,,,,,,,,,
,-4.9834,-81.1607,,,,,,,,,,,,,,,,,,
,-5.65625,-81.021389,,,,,,,,,,,,,,,,,,
,-5.658194,-81.021667,,,,,,,,,,,,,,,,,,
,-5.660417,-81.021944,,,,,,,,,,,,,,,,,,
,-5.661528,-81.0225,,,,,,,,,,,,,,,,,,
,-5.662639,-81.023056,,,,,,,,,,,,,,,,,,
,-5.663472,-81.023611,,,,,,,,,,,,,,,,,,
,-5.664306,-81.024167,,,,,,,,,,,,,,,,,,
,-5.664306,-81.023889,,,,,,,,,,,,,,,,,,
,-4.945972,-81.235833,,,,,,,,,,,,,,,,,,
,-4.946806,-81.234444,,,,,,,,,,,,,,,,,,
,-4.947639,-81.232778,,,,,,,,,,,,,,,,,,
,-4.948194,-81.231667,,,,,,,,,,,,,,,,,,
,-4.949028,-81.231389,,,,,,,,,,,,,,,,,,
,-4.949028,-81.230556,,,,,,,,,,,,,,,,,,
,-4.949306,-81.230278,,,,,,,,,,,,,,,,,,
,-4.998194,-81.166389,,,,,,,,,,,,,,,,,,
,-4.999306,-81.164444,,,,,,,,,,,,,,,,,,
,-5.000139,-81.164167,,,,,,,,,,,,,,,,,,
,-5.000972,-81.163889,,,,,,,,,,,,,,,,,,
,-5.002083,-81.163611,,,,,,,,,,,,,,,,,,
,-5.002917,-81.163056,,,,,,,,,,,,,,,,,,
,-5.000417,-81.168889,,,,,,,,,,,,,,,,,,
,-5.000694,-81.158056,,,,,,,,,,,,,,,,,,
,-5.002639,-81.1575,,,,,,,,,,,,,,,,,,
,-5.004861,-81.156944,,,,,,,,,,,,,,,,,,
,-5.007361,-81.156944,,,,,,,,,,,,,,,,,,
,-5.009583,-81.156944,,,,,,,,,,,,,,,,,,
,-5.010972,-81.157222,,,,,,,,,,,,,,,,,,
,-5.012083,-81.1575,,,,,,,,,,,,,,,,,,
,-5.013194,-81.157778,,,,,,,,,,,,,,,,,,
,-5.014306,-81.158056,,,,,,,,,,,,,,,,,,
,-5.015139,-81.157778,,,,,,,,,,,,,,,,,,
,-5.01625,-81.157778,,,,,,,,,,,,,,,,,,
,-5.015972,-81.140278,,,,,,,,,,,,,,,,,,
,-5.019028,-81.136389,,,,,,,,,,,,,,,,,,
,-5.019028,-81.135556,,,,,,,,,,,,,,,,,,
,-5.019306,-81.135278,,,,,,,,,,,,,,,,,,
,-5.019583,-81.135,,,,,,,,,,,,,,,,,,
,-5.019583,-81.134722,,,,,,,,,,,,,,,,,,
,-5.005417,-81.141667,,,,,,,,,,,,,,,,,,
,-5.005694,-81.14,,,,,,,,,,,,,,,,,,
,-5.00625,-81.138333,,,,,,,,,,,,,,,,,,
,-5.006806,-81.136389,,,,,,,,,,,,,,,,,,
,-5.007083,-81.135,,,,,,,,,,,,,,,,,,
,-5.008194,-81.133056,,,,,,,,,,,,,,,,,,
,-5.007917,-81.1325,,,,,,,,,,,,,,,,,,
,-5.007917,-81.131667,,,,,,,,,,,,,,,,,,
,-5.008194,-81.131389,,,,,,,,,,,,,,,,,,
,-5.009028,-81.131111,,,,,,,,,,,,,,,,,,
,-5.014583,-81.146944,,,,,,,,,,,,,,,,,,
,-5.014861,-81.146111,,,,,,,,,,,,,,,,,,
,-5.015139,-81.145278,,,,,,,,,,,,,,,,,,
,-5.015417,-81.145556,,,,,,,,,,,,,,,,,,
,-5.01625,-81.145833,,,,,,,,,,,,,,,,,,
,-5.01625,-81.145556,,,,,,,,,,,,,,,,,,
,-5.01625,-81.145278,,,,,,,,,,,,,,,,,,
,-5.013194,-81.145556,,,,,,,,,,,,,,,,,,
,-5.011806,-81.145833,,,,,,,,,,,,,,,,,,
,-5.012361,-81.146389,,,,,,,,,,,,,,,,,,
,-5.01375,-81.145556,,,,,,,,,,,,,,,,,,
,-5.014861,-81.145,,,,,,,,,,,,,,,,,,
,-5.016528,-81.144167,,,,,,,,,,,,,,,,,,
,-5.000972,-81.177222,,,,,,,,,,,,,,,,,,
,-5.002917,-81.1775,,,,,,,,,,,,,,,,,,
,-5.004028,-81.1775,,,,,,,,,,,,,,,,,,
,-5.005417,-81.177778,,,,,,,,,,,,,,,,,,
,-5.00625,-81.177778,,,,,,,,,,,,,,,,,,
,-5.006528,-81.177778,,,,,,,,,,,,,,,,,,
,-5.689861,-80.969167,,,,,,,,,,,,,,,,,,
,-5.690417,-80.969167,,,,,,,,,,,,,,,,,,
,-5.69125,-80.969722,,,,,,,,,,,,,,,,,,
,-5.692083,-80.969722,,,,,,,,,,,,,,,,,,
,-5.692361,-80.97,,,,,,,,,,,,,,,,,,
,-5.693194,-80.97,,,,,,,,,,,,,,,,,,
,-5.693472,-80.97,,,,,,,,,,,,,,,,,,
,-5.694028,-80.97,,,,,,,,,,,,,,,,,,
,-5.694583,-80.969722,,,,,,,,,,,,,,,,,,
,-5.708472,-80.965833,,,,,,,,,,,,,,,,,,
,-5.709861,-80.965556,,,,,,,,,,,,,,,,,,
,-5.71125,-80.965278,,,,,,,,,,,,,,,,,,
,-5.711528,-80.965278,,,,,,,,,,,,,,,,,,
,-5.712083,-80.965278,,,,,,,,,,,,,,,,,,
,-5.712083,-80.964722,,,,,,,,,,,,,,,,,,
,-5.614028,-81.043889,,,,,,,,,,,,,,,,,,
,-5.615694,-81.043611,,,,,,,,,,,,,,,,,,
,-5.617083,-81.043056,,,,,,,,,,,,,,,,,,
,-5.617639,-81.043056,,,,,,,,,,,,,,,,,,
,-5.618194,-81.042778,,,,,,,,,,,,,,,,,,
,-5.618194,-81.0425,,,,,,,,,,,,,,,,,,
,-5.61875,-81.041667,,,,,,,,,,,,,,,,,,
,-5.614583,-81.026389,,,,,,,,,,,,,,,,,,
,-5.615972,-81.025833,,,,,,,,,,,,,,,,,,
,-5.617361,-81.025278,,,,,,,,,,,,,,,,,,
,-5.618194,-81.024722,,,,,,,,,,,,,,,,,,
,-5.61875,-81.025,,,,,,,,,,,,,,,,,,
,-5.619028,-81.024722,,,,,,,,,,,,,,,,,,
,-5.619028,-81.024722,,,,,,,,,,,,,,,,,,
,-5.610417,-80.990833,,,,,,,,,,,,,,,,,,
,-5.612917,-80.991111,,,,,,,,,,,,,,,,,,
,-5.614861,-80.991389,,,,,,,,,,,,,,,,,,
,-5.617083,-80.991389,,,,,,,,,,,,,,,,,,
,-5.618472,-80.991667,,,,,,,,,,,,,,,,,,
,-5.619306,-80.991944,,,,,,,,,,,,,,,,,,
,-5.620417,-80.991944,,,,,,,,,,,,,,,,,,
,-5.62125,-80.991944,,,,,,,,,,,,,,,,,,
,-12.140972,-77.155833,,,,,,,,,,,,,,,,,,
,-12.142639,-77.154722,,,,,,,,,,,,,,,,,,
,-12.144028,-77.153333,,,,,,,,,,,,,,,,,,
,-12.145417,-77.152222,,,,,,,,,,,,,,,,,,
,-12.146806,-77.151111,,,,,,,,,,,,,,,,,,
,-12.148472,-77.15,,,,,,,,,,,,,,,,,,
,-12.149306,-77.148611,,,,,,,,,,,,,,,,,,
,-12.149583,-77.1475,,,,,,,,,,,,,,,,,,
,-12.149861,-77.146389,,,,,,,,,,,,,,,,,,
,-12.150139,-77.145278,,,,,,,,,,,,,,,,,,
,-12.150139,-77.144444,,,,,,,,,,,,,,,,,,
,-12.137639,-77.166389,,,,,,,,,,,,,,,,,,
,-12.13875,-77.165,,,,,,,,,,,,,,,,,,
,-12.139583,-77.163889,,,,,,,,,,,,,,,,,,
,-12.140417,-77.163056,,,,,,,,,,,,,,,,,,
,-12.140417,-77.161944,,,,,,,,,,,,,,,,,,
,-12.139861,-77.161111,,,,,,,,,,,,,,,,,,
,-12.139306,-77.160278,,,,,,,,,,,,,,,,,,
,-12.016806,-77.290556,,,,,,,,,,,,,,,,,,
,-12.017917,-77.29,,,,,,,,,,,,,,,,,,
,-12.019028,-77.289167,,,,,,,,,,,,,,,,,,
,-12.019861,-77.288333,,,,,,,,,,,,,,,,,,
,-12.019583,-77.287778,,,,,,,,,,,,,,,,,,
,-12.019028,-77.286667,,,,,,,,,,,,,,,,,,
,-12.018472,-77.285833,,,,,,,,,,,,,,,,,,
,-12.127917,-77.161944,,,,,,,,,,,,,,,,,,
,-12.129583,-77.1625,,,,,,,,,,,,,,,,,,
,-12.130417,-77.162222,,,,,,,,,,,,,,,,,,
,-12.130694,-77.161944,,,,,,,,,,,,,,,,,,
,-12.130694,-77.161389,,,,,,,,,,,,,,,,,,
,-12.130417,-77.161389,,,,,,,,,,,,,,,,,,
,-12.130694,-77.149167,,,,,,,,,,,,,,,,,,
,-12.132083,-77.148056,,,,,,,,,,,,,,,,,,
,-12.133472,-77.147222,,,,,,,,,,,,,,,,,,
,-12.134861,-77.146111,,,,,,,,,,,,,,,,,,
,-12.135417,-77.145556,,,,,,,,,,,,,,,,,,
,-12.135694,-77.144722,,,,,,,,,,,,,,,,,,
,-12.135417,-77.143889,,,,,,,,,,,,,,,,,,
,-12.132639,-77.145,,,,,,,,,,,,,,,,,,
,-12.125417,-77.148056,,,,,,,,,,,,,,,,,,
,-12.12625,-77.148889,,,,,,,,,,,,,,,,,,
,-12.126806,-77.149722,,,,,,,,,,,,,,,,,,
,-12.127639,-77.15,,,,,,,,,,,,,,,,,,
,-12.128194,-77.149722,,,,,,,,,,,,,,,,,,
,-12.128194,-77.149444,,,,,,,,,,,,,,,,,,
,-12.127639,-77.149167,,,,,,,,,,,,,,,,,,
,-12.124306,-77.152222,,,,,,,,,,,,,,,,,,
,-12.15875,-77.168333,,,,,,,,,,,,,,,,,,
,-12.159861,-77.1675,,,,,,,,,,,,,,,,,,
,-12.160972,-77.166944,,,,,,,,,,,,,,,,,,
,-12.162083,-77.166389,,,,,,,,,,,,,,,,,,
,-12.162917,-77.165833,,,,,,,,,,,,,,,,,,
,-12.163194,-77.165556,,,,,,,,,,,,,,,,,,
,-12.163194,-77.165,,,,,,,,,,,,,,,,,,
,-12.138472,-77.160278,,,,,,,,,,,,,,,,,,
,-12.139861,-77.158611,,,,,,,,,,,,,,,,,,
,-12.141528,-77.1575,,,,,,,,,,,,,,,,,,
,-12.142917,-77.156389,,,,,,,,,,,,,,,,,,
,-12.144306,-77.155278,,,,,,,,,,,,,,,,,,
,-12.145417,-77.154167,,,,,,,,,,,,,,,,,,
,-12.145694,-77.153611,,,,,,,,,,,,,,,,,,
,-12.145972,-77.1525,,,,,,,,,,,,,,,,,,
,-12.14625,-77.151944,,,,,,,,,,,,,,,,,,
,-12.145972,-77.151667,,,,,,,,,,,,,,,,,,
,-12.149306,-77.149167,,,,,,,,,,,,,,,,,,
,-12.150417,-77.148333,,,,,,,,,,,,,,,,,,
,-12.151528,-77.147222,,,,,,,,,,,,,,,,,,
,-12.152361,-77.146389,,,,,,,,,,,,,,,,,,
,-12.152639,-77.145833,,,,,,,,,,,,,,,,,,
,-12.152917,-77.144722,,,,,,,,,,,,,,,,,,
,-12.153472,-77.143889,,,,,,,,,,,,,,,,,,
,-11.984306,-77.235556,,,,,,,,,,,,,,,,,,
,-11.985139,-77.235556,,,,,,,,,,,,,,,,,,
,-11.98625,-77.235,,,,,,,,,,,,,,,,,,
,-11.987083,-77.234167,,,,,,,,,,,,,,,,,,
,-11.987917,-77.233611,,,,,,,,,,,,,,,,,,
,-11.988194,-77.233333,,,,,,,,,,,,,,,,,,
,-11.987917,-77.233889,,,,,,,,,,,,,,,,,,
,-11.987639,-77.233889,,,,,,,,,,,,,,,,,,
,-12.15125,-77.179444,,,,,,,,,,,,,,,,,,
,-12.152917,-77.178056,,,,,,,,,,,,,,,,,,
,-12.154583,-77.176389,,,,,,,,,,,,,,,,,,
,-12.155694,-77.175,,,,,,,,,,,,,,,,,,
,-12.155417,-77.173889,,,,,,,,,,,,,,,,,,
,-12.155694,-77.172778,,,,,,,,,,,,,,,,,,
,-12.155417,-77.1725,,,,,,,,,,,,,,,,,,
,-5.0054,-81.1451,,,,,,,,,,,,,,,,,,
,-5.006,-81.1437,,,,,,,,,,,,,,,,,,
,-5.0064,-81.1422,,,,,,,,,,,,,,,,,,
,-5.0065,-81.141,,,,,,,,,,,,,,,,,,
,-5.0066,-81.1401,,,,,,,,,,,,,,,,,,
,-5.0066,-81.139099,,,,,,,,,,,,,,,,,,
,-5.0066,-81.1383,,,,,,,,,,,,,,,,,,
,-5.0067,-81.1378,,,,,,,,,,,,,,,,,,
,-5.0066,-81.137499,,,,,,,,,,,,,,,,,,
,-5.0067,-81.137,,,,,,,,,,,,,,,,,,
,-5.0068,-81.1368,,,,,,,,,,,,,,,,,,
,-5.0071,-81.1363,,,,,,,,,,,,,,,,,,
,-5.0125,-81.153,,,,,,,,,,,,,,,,,,
,-5.0126,-81.1521,,,,,,,,,,,,,,,,,,
,-5.0127,-81.151,,,,,,,,,,,,,,,,,,
,-5.0131,-81.150699,,,,,,,,,,,,,,,,,,
,-5.0132,-81.1506,,,,,,,,,,,,,,,,,,
,-5.0135,-81.150699,,,,,,,,,,,,,,,,,,
,-5.0135,-81.1505,,,,,,,,,,,,,,,,,,
,-5.0139,-81.1505,,,,,,,,,,,,,,,,,,
,-5.0141,-81.1499,,,,,,,,,,,,,,,,,,
,-5.6912,-80.968599,,,,,,,,,,,,,,,,,,
,-5.6905,-80.9691,,,,,,,,,,,,,,,,,,
,-5.6913,-80.9694,,,,,,,,,,,,,,,,,,
,-5.6902,-80.9699,,,,,,,,,,,,,,,,,,
,-5.6908,-80.9699,,,,,,,,,,,,,,,,,,
,-5.6909,-80.9698,,,,,,,,,,,,,,,,,,
,-5.6914,-80.9698,,,,,,,,,,,,,,,,,,
,-5.6917,-80.9699,,,,,,,,,,,,,,,,,,
,-5.6924,-80.969699,,,,,,,,,,,,,,,,,,
,-5.6944,-80.9603,,,,,,,,,,,,,,,,,,
,-5.6961,-80.9603,,,,,,,,,,,,,,,,,,
,-5.6977,-80.9597,,,,,,,,,,,,,,,,,,
,-5.6992,-80.9594,,,,,,,,,,,,,,,,,,
,-5.7004,-80.959099,,,,,,,,,,,,,,,,,,
,-5.7008,-80.959099,,,,,,,,,,,,,,,,,,
,-5.7011,-80.9589,,,,,,,,,,,,,,,,,,
,-5.7015,-80.9588,,,,,,,,,,,,,,,,,,
,-5.7018,-80.958199,,,,,,,,,,,,,,,,,,
,-5.6769,-80.974899,,,,,,,,,,,,,,,,,,
,-5.6778,-80.975,,,,,,,,,,,,,,,,,,
,-5.6783,-80.9753,,,,,,,,,,,,,,,,,,
,-5.6781,-80.9767,,,,,,,,,,,,,,,,,,
,-5.6782,-80.976499,,,,,,,,,,,,,,,,,,
,-5.6769,-80.9764,,,,,,,,,,,,,,,,,,
,-5.6767,-80.975799,,,,,,,,,,,,,,,,,,
,-5.6763,-80.976499,,,,,,,,,,,,,,,,,,
,-5.6488,-81.0233,,,,,,,,,,,,,,,,,,
,-5.6507,-81.0226,,,,,,,,,,,,,,,,,,
,-5.6523,-81.0219,,,,,,,,,,,,,,,,,,
,-5.6543,-81.020899,,,,,,,,,,,,,,,,,,
,-5.6551,-81.0206,,,,,,,,,,,,,,,,,,
,-5.657,-81.0201,,,,,,,,,,,,,,,,,,
,-5.6583,-81.0199,,,,,,,,,,,,,,,,,,
,-5.6593,-81.0203,,,,,,,,,,,,,,,,,,
,-5.6605,-81.0204,,,,,,,,,,,,,,,,,,
,-5.6614,-81.0206,,,,,,,,,,,,,,,,,,
,-5.6627,-81.020199,,,,,,,,,,,,,,,,,,
,-5.6221,-80.966099,,,,,,,,,,,,,,,,,,
,-5.6238,-80.966,,,,,,,,,,,,,,,,,,
,-5.6254,-80.966,,,,,,,,,,,,,,,,,,
,-5.6265,-80.9666,,,,,,,,,,,,,,,,,,
,-5.6273,-80.966999,,,,,,,,,,,,,,,,,,
,-5.6283,-80.967499,,,,,,,,,,,,,,,,,,
,-5.6288,-80.9676,,,,,,,,,,,,,,,,,,
,-5.6519,-80.9481,,,,,,,,,,,,,,,,,,
,-5.6513,-80.948199,,,,,,,,,,,,,,,,,,
,-5.6514,-80.948199,,,,,,,,,,,,,,,,,,
,-5.6514,-80.948199,,,,,,,,,,,,,,,,,,
,-5.6514,-80.9483,,,,,,,,,,,,,,,,,,
,-5.6513,-80.9483,,,,,,,,,,,,,,,,,,
,-5.6513,-80.948199,,,,,,,,,,,,,,,,,,
,-5.6513,-80.9483,,,,,,,,,,,,,,,,,,
,-5.6513,-80.948199,,,,,,,,,,,,,,,,,,
,-5.6513,-80.948199,,,,,,,,,,,,,,,,,,
,-5.6513,-80.948199,,,,,,,,,,,,,,,,,,
,-5.6513,-80.948199,,,,,,,,,,,,,,,,,,
,-5.6513,-80.948199,,,,,,,,,,,,,,,,,,
,-5.6514,-80.948199,,,,,,,,,,,,,,,,,,
,-5.6514,-80.948199,,,,,,,,,,,,,,,,,,
,-5.6513,-80.948199,,,,,,,,,,,,,,,,,,
,-5.6513,-80.948199,,,,,,,,,,,,,,,,,,
,-5.6513,-80.948199,,,,,,,,,,,,,,,,,,
,-5.6513,-80.948199,,,,,,,,,,,,,,,,,,
,-5.6513,-80.948199,,,,,,,,,,,,,,,,,,
,-5.6513,-80.948199,,,,,,,,,,,,,,,,,,
,-5.6513,-80.948199,,,,,,,,,,,,,,,,,,
,-5.6513,-80.9481,,,,,,,,,,,,,,,,,,
,-5.6513,-80.9481,,,,,,,,,,,,,,,,,,
,-5.6513,-80.9481,,,,,,,,,,,,,,,,,,
,-5.6513,-80.9481,,,,,,,,,,,,,,,,,,
,-5.6513,-80.9481,,,,,,,,,,,,,,,,,,
,-5.6516,-80.947999,,,,,,,,,,,,,,,,,,
,-5.654,-80.9479,,,,,,,,,,,,,,,,,,
,-5.6564,-80.9476,,,,,,,,,,,,,,,,,,
,-5.6583,-80.947099,,,,,,,,,,,,,,,,,,
,-5.6601,-80.9467,,,,,,,,,,,,,,,,,,
,-5.6609,-80.9465,,,,,,,,,,,,,,,,,,
,-5.6629,-80.9465,,,,,,,,,,,,,,,,,,
,-5.6647,-80.946399,,,,,,,,,,,,,,,,,,
,-5.6669,-80.9468,,,,,,,,,,,,,,,,,,
,-5.6689,-80.947,,,,,,,,,,,,,,,,,,
,-5.6703,-80.9469,,,,,,,,,,,,,,,,,,
,-5.6705,-80.9469,,,,,,,,,,,,,,,,,,
,-5.6706,-80.9468,,,,,,,,,,,,,,,,,,
,-5.6706,-80.9469,,,,,,,,,,,,,,,,,,
,-5.6706,-80.9469,,,,,,,,,,,,,,,,,,
,-5.6706,-80.9468,,,,,,,,,,,,,,,,,,
,-5.6706,-80.946599,,,,,,,,,,,,,,,,,,
,-5.6707,-80.9465,,,,,,,,,,,,,,,,,,
,-5.6706,-80.9449,,,,,,,,,,,,,,,,,,
,-5.6707,-80.945,,,,,,,,,,,,,,,,,,
,-5.6708,-80.945,,,,,,,,,,,,,,,,,,
,-5.6709,-80.9451,,,,,,,,,,,,,,,,,,
,-5.671,-80.945299,,,,,,,,,,,,,,,,,,
,-5.6711,-80.945499,,,,,,,,,,,,,,,,,,
,-5.6712,-80.945699,,,,,,,,,,,,,,,,,,
,-5.6713,-80.9459,,,,,,,,,,,,,,,,,,
,-5.6714,-80.946,,,,,,,,,,,,,,,,,,
,-5.6714,-80.946,,,,,,,,,,,,,,,,,,
,-5.6714,-80.946,,,,,,,,,,,,,,,,,,
,-5.6713,-80.946,,,,,,,,,,,,,,,,,,
,-5.6713,-80.9459,,,,,,,,,,,,,,,,,,
,-5.6712,-80.9459,,,,,,,,,,,,,,,,,,
,-5.671,-80.946,,,,,,,,,,,,,,,,,,
,-5.671,-80.9461,,,,,,,,,,,,,,,,,,
,-5.6709,-80.946199,,,,,,,,,,,,,,,,,,
,-5.6709,-80.946199,,,,,,,,,,,,,,,,,,
,-5.6709,-80.946199,,,,,,,,,,,,,,,,,,
,-5.6709,-80.9463,,,,,,,,,,,,,,,,,,
,-5.6709,-80.9463,,,,,,,,,,,,,,,,,,
,-5.6709,-80.9463,,,,,,,,,,,,,,,,,,
,-5.6709,-80.9463,,,,,,,,,,,,,,,,,,
,-5.6709,-80.946199,,,,,,,,,,,,,,,,,,
,-5.6709,-80.946199,,,,,,,,,,,,,,,,,,
,-5.6709,-80.946199,,,,,,,,,,,,,,,,,,
,-5.6709,-80.946199,,,,,,,,,,,,,,,,,,
,-5.671,-80.946199,,,,,,,,,,,,,,,,,,
,-5.671,-80.946199,,,,,,,,,,,,,,,,,,
,-5.671,-80.946199,,,,,,,,,,,,,,,,,,
,-5.671,-80.946199,,,,,,,,,,,,,,,,,,
,-5.671,-80.946199,,,,,,,,,,,,,,,,,,
,-5.6711,-80.946199,,,,,,,,,,,,,,,,,,
,-5.671,-80.946199,,,,,,,,,,,,,,,,,,
,-5.6709,-80.946199,,,,,,,,,,,,,,,,,,
,-5.6707,-80.946399,,,,,,,,,,,,,,,,,,
,-5.6706,-80.946599,,,,,,,,,,,,,,,,,,
,-5.6706,-80.9467,,,,,,,,,,,,,,,,,,
,-5.6706,-80.9467,,,,,,,,,,,,,,,,,,
,-5.6706,-80.9467,,,,,,,,,,,,,,,,,,
,-5.6706,-80.9467,,,,,,,,,,,,,,,,,,
,-5.6706,-80.9468,,,,,,,,,,,,,,,,,,
,-5.6706,-80.9468,,,,,,,,,,,,,,,,,,
,-5.6706,-80.9468,,,,,,,,,,,,,,,,,,
,-5.6706,-80.9468,,,,,,,,,,,,,,,,,,
,-5.6706,-80.9468,,,,,,,,,,,,,,,,,,
,-5.6706,-80.9468,,,,,,,,,,,,,,,,,,
,-5.6707,-80.9469,,,,,,,,,,,,,,,,,,
,-5.6706,-80.9469,,,,,,,,,,,,,,,,,,
,-5.6706,-80.947,,,,,,,,,,,,,,,,,,
,-5.6706,-80.9469,,,,,,,,,,,,,,,,,,
,-5.6706,-80.9469,,,,,,,,,,,,,,,,,,
,-5.6706,-80.9469,,,,,,,,,,,,,,,,,,
,-5.6706,-80.9469,,,,,,,,,,,,,,,,,,
,-5.6706,-80.9468,,,,,,,,,,,,,,,,,,
,-5.6706,-80.9468,,,,,,,,,,,,,,,,,,
,-5.6706,-80.9468,,,,,,,,,,,,,,,,,,
,-5.6706,-80.9468,,,,,,,,,,,,,,,,,,
,-5.6706,-80.9468,,,,,,,,,,,,,,,,,,
,-5.6706,-80.9468,,,,,,,,,,,,,,,,,,
,-5.6706,-80.9468,,,,,,,,,,,,,,,,,,
,-5.6707,-80.9468,,,,,,,,,,,,,,,,,,
,-5.6725,-80.9467,,,,,,,,,,,,,,,,,,
,-5.6242,-81.0324,,,,,,,,,,,,,,,,,,
,-5.6252,-81.0319,,,,,,,,,,,,,,,,,,
,-5.6257,-81.0315,,,,,,,,,,,,,,,,,,
,-5.6258,-81.031299,,,,,,,,,,,,,,,,,,
,-5.6259,-81.0312,,,,,,,,,,,,,,,,,,
,-5.6258,-81.031299,,,,,,,,,,,,,,,,,,
,-5.6257,-81.031099,,,,,,,,,,,,,,,,,,
,-5.6256,-81.031,,,,,,,,,,,,,,,,,,
,-5.6255,-81.030599,,,,,,,,,,,,,,,,,,
,-5.6258,-81.030199,,,,,,,,,,,,,,,,,,
,-5.6271,-81.030199,,,,,,,,,,,,,,,,,,
,-5.6964,-80.9375,,,,,,,,,,,,,,,,,,
,-5.6975,-80.9311,,,,,,,,,,,,,,,,,,
,-5.6987,-80.9323,,,,,,,,,,,,,,,,,,
,-5.6984,-80.9322,,,,,,,,,,,,,,,,,,
,-5.6983,-80.9322,,,,,,,,,,,,,,,,,,
,-5.6983,-80.9322,,,,,,,,,,,,,,,,,,
,-5.6983,-80.9322,,,,,,,,,,,,,,,,,,
,-5.6983,-80.9322,,,,,,,,,,,,,,,,,,
,-5.6983,-80.9322,,,,,,,,,,,,,,,,,,
,-5.6983,-80.9323,,,,,,,,,,,,,,,,,,
,-5.6983,-80.9323,,,,,,,,,,,,,,,,,,
,-5.6983,-80.9323,,,,,,,,,,,,,,,,,,
,-5.6984,-80.9323,,,,,,,,,,,,,,,,,,
,-5.6984,-80.9323,,,,,,,,,,,,,,,,,,
,-5.6984,-80.9323,,,,,,,,,,,,,,,,,,
,-5.6985,-80.9322,,,,,,,,,,,,,,,,,,
,-5.6985,-80.9322,,,,,,,,,,,,,,,,,,
,-5.6986,-80.9323,,,,,,,,,,,,,,,,,,
,-5.6986,-80.9323,,,,,,,,,,,,,,,,,,
,-5.6987,-80.9322,,,,,,,,,,,,,,,,,,
,-5.6987,-80.9322,,,,,,,,,,,,,,,,,,
,-5.6987,-80.9322,,,,,,,,,,,,,,,,,,
,-5.6987,-80.9322,,,,,,,,,,,,,,,,,,
,-5.699,-80.9323,,,,,,,,,,,,,,,,,,
,-5.7002,-80.932399,,,,,,,,,,,,,,,,,,
,-5.7025,-80.932599,,,,,,,,,,,,,,,,,,
,-5.7046,-80.9327,,,,,,,,,,,,,,,,,,
,-5.7062,-80.9327,,,,,,,,,,,,,,,,,,
,-5.7062,-80.9327,,,,,,,,,,,,,,,,,,
,-5.7062,-80.9327,,,,,,,,,,,,,,,,,,
,-5.7062,-80.9327,,,,,,,,,,,,,,,,,,
,-5.7063,-80.9327,,,,,,,,,,,,,,,,,,
,-5.7063,-80.9327,,,,,,,,,,,,,,,,,,
,-5.7062,-80.9327,,,,,,,,,,,,,,,,,,
,-5.7062,-80.932799,,,,,,,,,,,,,,,,,,
,-5.7062,-80.9327,,,,,,,,,,,,,,,,,,
,-5.7062,-80.9327,,,,,,,,,,,,,,,,,,
,-5.7062,-80.9327,,,,,,,,,,,,,,,,,,
,-5.7062,-80.932799,,,,,,,,,,,,,,,,,,
,-5.7062,-80.932799,,,,,,,,,,,,,,,,,,
,-5.7062,-80.932799,,,,,,,,,,,,,,,,,,
,-5.7062,-80.9327,,,,,,,,,,,,,,,,,,
,-5.7062,-80.9327,,,,,,,,,,,,,,,,,,
,-5.7063,-80.9327,,,,,,,,,,,,,,,,,,
,-5.7063,-80.9327,,,,,,,,,,,,,,,,,,
,-5.7063,-80.932599,,,,,,,,,,,,,,,,,,
,-5.7063,-80.932599,,,,,,,,,,,,,,,,,,
,-5.7063,-80.932599,,,,,,,,,,,,,,,,,,
,-5.7063,-80.932599,,,,,,,,,,,,,,,,,,
,-5.7063,-80.932599,,,,,,,,,,,,,,,,,,
,-5.7064,-80.9325,,,,,,,,,,,,,,,,,,
,-5.7064,-80.932399,,,,,,,,,,,,,,,,,,
,-5.7065,-80.932399,,,,,,,,,,,,,,,,,,
,-5.7065,-80.932399,,,,,,,,,,,,,,,,,,
,-5.7064,-80.932399,,,,,,,,,,,,,,,,,,
,-5.7064,-80.9325,,,,,,,,,,,,,,,,,,
,-5.7064,-80.9325,,,,,,,,,,,,,,,,,,
,-5.7064,-80.932399,,,,,,,,,,,,,,,,,,
,-5.7064,-80.9325,,,,,,,,,,,,,,,,,,
,-5.7064,-80.932399,,,,,,,,,,,,,,,,,,
,-5.7064,-80.932399,,,,,,,,,,,,,,,,,,
,-5.7064,-80.932399,,,,,,,,,,,,,,,,,,
,-5.7064,-80.932399,,,,,,,,,,,,,,,,,,
,-5.7064,-80.932399,,,,,,,,,,,,,,,,,,
,-5.7064,-80.932399,,,,,,,,,,,,,,,,,,
,-5.7064,-80.932399,,,,,,,,,,,,,,,,,,
,-5.7064,-80.932399,,,,,,,,,,,,,,,,,,
,-5.7064,-80.9325,,,,,,,,,,,,,,,,,,
,-5.7063,-80.9325,,,,,,,,,,,,,,,,,,
,-5.7063,-80.9325,,,,,,,,,,,,,,,,,,
,-5.7063,-80.932599,,,,,,,,,,,,,,,,,,
,-5.7063,-80.932599,,,,,,,,,,,,,,,,,,
,-5.7063,-80.932599,,,,,,,,,,,,,,,,,,
,-5.7064,-80.932599,,,,,,,,,,,,,,,,,,
,-5.7064,-80.9325,,,,,,,,,,,,,,,,,,
,-5.7041,-80.9304,,,,,,,,,,,,,,,,,,
,-5.704,-80.930299,,,,,,,,,,,,,,,,,,
,-5.704,-80.930299,,,,,,,,,,,,,,,,,,
,-5.704,-80.930299,,,,,,,,,,,,,,,,,,
,-5.704,-80.930299,,,,,,,,,,,,,,,,,,
,-5.704,-80.930299,,,,,,,,,,,,,,,,,,
,-5.704,-80.9304,,,,,,,,,,,,,,,,,,
,-5.7039,-80.9304,,,,,,,,,,,,,,,,,,
,-5.704,-80.9304,,,,,,,,,,,,,,,,,,
,-5.704,-80.9304,,,,,,,,,,,,,,,,,,
,-5.704,-80.9304,,,,,,,,,,,,,,,,,,
,-5.7039,-80.9304,,,,,,,,,,,,,,,,,,
,-5.7039,-80.930299,,,,,,,,,,,,,,,,,,
,-5.6569,-80.964499,,,,,,,,,,,,,,,,,,
,-5.6583,-80.964999,,,,,,,,,,,,,,,,,,
,-5.6594,-80.9657,,,,,,,,,,,,,,,,,,
,-5.6598,-80.966299,,,,,,,,,,,,,,,,,,
,-5.6604,-80.9667,,,,,,,,,,,,,,,,,,
,-5.661,-80.966999,,,,,,,,,,,,,,,,,,
,-5.6616,-80.967499,,,,,,,,,,,,,,,,,,
,-5.6623,-80.967899,,,,,,,,,,,,,,,,,,
,-5.6634,-80.968399,,,,,,,,,,,,,,,,,,
,-4.9263,-81.213399,,,,,,,,,,,,,,,,,,
,-4.9283,-81.212499,,,,,,,,,,,,,,,,,,
,-4.9304,-81.211599,,,,,,,,,,,,,,,,,,
,-4.9322,-81.211099,,,,,,,,,,,,,,,,,,
,-4.9336,-81.2103,,,,,,,,,,,,,,,,,,
,-4.9347,-81.209799,,,,,,,,,,,,,,,,,,
,-4.9352,-81.2092,,,,,,,,,,,,,,,,,,
,-4.936,-81.2085,,,,,,,,,,,,,,,,,,
,-4.9363,-81.2076,,,,,,,,,,,,,,,,,,
,-4.9988,-81.1625,,,,,,,,,,,,,,,,,,
,-5.0004,-81.163,,,,,,,,,,,,,,,,,,
,-5.0017,-81.1619,,,,,,,,,,,,,,,,,,
,-5.0031,-81.160599,,,,,,,,,,,,,,,,,,
,-5.004,-81.1594,,,,,,,,,,,,,,,,,,
,-5.0049,-81.1587,,,,,,,,,,,,,,,,,,
,-5.0056,-81.158,,,,,,,,,,,,,,,,,,
,-5.0061,-81.1578,,,,,,,,,,,,,,,,,,
,-5.0065,-81.1574,,,,,,,,,,,,,,,,,,
,-5.0067,-81.1575,,,,,,,,,,,,,,,,,,
,-5.0057,-81.156,,,,,,,,,,,,,,,,,,
,-5.0077,-81.1557,,,,,,,,,,,,,,,,,,
,-5.0099,-81.1557,,,,,,,,,,,,,,,,,,
,-5.012,-81.1557,,,,,,,,,,,,,,,,,,
,-5.0133,-81.1558,,,,,,,,,,,,,,,,,,
,-5.0143,-81.1562,,,,,,,,,,,,,,,,,,
,-5.0151,-81.1564,,,,,,,,,,,,,,,,,,
,-5.0161,-81.156799,,,,,,,,,,,,,,,,,,
,-5.0165,-81.156999,,,,,,,,,,,,,,,,,,
,-5.0172,-81.1565,,,,,,,,,,,,,,,,,,
,-4.9981,-81.1566,,,,,,,,,,,,,,,,,,
,-4.9996,-81.1562,,,,,,,,,,,,,,,,,,
,-5.0011,-81.1558,,,,,,,,,,,,,,,,,,
,-5.0025,-81.1555,,,,,,,,,,,,,,,,,,
,-5.0039,-81.1553,,,,,,,,,,,,,,,,,,
,-5.0053,-81.1551,,,,,,,,,,,,,,,,,,
,-5.0068,-81.1549,,,,,,,,,,,,,,,,,,
,-5.0083,-81.154499,,,,,,,,,,,,,,,,,,
,-5.0097,-81.1541,,,,,,,,,,,,,,,,,,
,-5.0111,-81.1537,,,,,,,,,,,,,,,,,,
,-5.659583,-81.018611,,,,,,,,,,,,,,,,,,
,-5.661528,-81.018333,,,,,,,,,,,,,,,,,,
,-5.663472,-81.018056,,,,,,,,,,,,,,,,,,
,-5.664583,-81.018333,,,,,,,,,,,,,,,,,,
,-5.665694,-81.018611,,,,,,,,,,,,,,,,,,
,-5.66625,-81.018889,,,,,,,,,,,,,,,,,,
,-5.666806,-81.019722,,,,,,,,,,,,,,,,,,
,-5.635417,-80.988333,,,,,,,,,,,,,,,,,,
,-5.637361,-80.988333,,,,,,,,,,,,,,,,,,
,-5.639028,-80.988056,,,,,,,,,,,,,,,,,,
,-5.639861,-80.988333,,,,,,,,,,,,,,,,,,
,-5.640972,-80.988056,,,,,,,,,,,,,,,,,,
,-5.642083,-80.987778,,,,,,,,,,,,,,,,,,
,-5.67375,-80.978611,,,,,,,,,,,,,,,,,,
,-5.675139,-80.978333,,,,,,,,,,,,,,,,,,
,-5.676528,-80.978333,,,,,,,,,,,,,,,,,,
,-5.677639,-80.978056,,,,,,,,,,,,,,,,,,
,-5.680139,-80.976667,,,,,,,,,,,,,,,,,,
,-5.681528,-80.976944,,,,,,,,,,,,,,,,,,
,-5.623194,-81.036111,,,,,,,,,,,,,,,,,,
,-5.624028,-81.036111,,,,,,,,,,,,,,,,,,
,-5.625417,-81.035278,,,,,,,,,,,,,,,,,,
,-5.626528,-81.034722,,,,,,,,,,,,,,,,,,
,-5.627083,-81.034722,,,,,,,,,,,,,,,,,,
,-5.627917,-81.034444,,,,,,,,,,,,,,,,,,
,-5.627917,-81.034167,,,,,,,,,,,,,,,,,,
,-5.627639,-81.033611,,,,,,,,,,,,,,,,,,
,-5.625972,-81.032222,,,,,,,,,,,,,,,,,,
,-5.614028,-80.985556,,,,,,,,,,,,,,,,,,
,-5.61625,-80.985556,,,,,,,,,,,,,,,,,,
,-5.618472,-80.985833,,,,,,,,,,,,,,,,,,
,-5.620417,-80.986111,,,,,,,,,,,,,,,,,,
,-5.622639,-80.986111,,,,,,,,,,,,,,,,,,
,-5.624861,-80.986389,,,,,,,,,,,,,,,,,,
,-5.625972,-80.986667,,,,,,,,,,,,,,,,,,
,-5.627361,-80.986944,,,,,,,,,,,,,,,,,,
,-5.628194,-80.987222,,,,,,,,,,,,,,,,,,
,-5.629583,-80.987222,,,,,,,,,,,,,,,,,,
,-5.635417,-80.966389,,,,,,,,,,,,,,,,,,
,-5.638194,-80.966944,,,,,,,,,,,,,,,,,,
,-5.640694,-80.967778,,,,,,,,,,,,,,,,,,
,-5.643194,-80.968611,,,,,,,,,,,,,,,,,,
,-5.646528,-80.972778,,,,,,,,,,,,,,,,,,
,-5.649306,-80.973889,,,,,,,,,,,,,,,,,,
,-5.652361,-80.974722,,,,,,,,,,,,,,,,,,
,-5.654028,-80.976111,,,,,,,,,,,,,,,,,,
,-5.655417,-80.977222,,,,,,,,,,,,,,,,,,
,-5.657083,-80.978333,,,,,,,,,,,,,,,,,,
,-5.65875,-80.978611,,,,,,,,,,,,,,,,,,
,-4.936528,-81.248333,,,,,,,,,,,,,,,,,,
,-4.936806,-81.247222,,,,,,,,,,,,,,,,,,
,-4.937639,-81.245833,,,,,,,,,,,,,,,,,,
,-4.938194,-81.244444,,,,,,,,,,,,,,,,,,
,-4.939028,-81.242778,,,,,,,,,,,,,,,,,,
,-4.939861,-81.241389,,,,,,,,,,,,,,,,,,
,-4.940694,-81.240278,,,,,,,,,,,,,,,,,,
,-4.941806,-81.239167,,,,,,,,,,,,,,,,,,
,-4.942917,-81.238056,,,,,,,,,,,,,,,,,,
,-4.94375,-81.236667,,,,,,,,,,,,,,,,,,
,-4.944583,-81.235556,,,,,,,,,,,,,,,,,,
,-4.945417,-81.234444,,,,,,,,,,,,,,,,,,
,-4.94625,-81.233611,,,,,,,,,,,,,,,,,,
,-4.946528,-81.232778,,,,,,,,,,,,,,,,,,
,-4.946806,-81.231667,,,,,,,,,,,,,,,,,,
,-4.947361,-81.231111,,,,,,,,,,,,,,,,,,
,-4.947639,-81.230278,,,,,,,,,,,,,,,,,,
,-4.947083,-81.228056,,,,,,,,,,,,,,,,,,
,-4.930972,-81.22,,,,,,,,,,,,,,,,,,
,-4.932917,-81.219444,,,,,,,,,,,,,,,,,,
,-4.935139,-81.218611,,,,,,,,,,,,,,,,,,
,-4.93625,-81.217778,,,,,,,,,,,,,,,,,,
,-4.937083,-81.217222,,,,,,,,,,,,,,,,,,
,-4.938194,-81.216389,,,,,,,,,,,,,,,,,,
,-4.93875,-81.215556,,,,,,,,,,,,,,,,,,
,-4.940139,-81.214722,,,,,,,,,,,,,,,,,,
,-4.995972,-81.151944,,,,,,,,,,,,,,,,,,
,-4.997639,-81.151111,,,,,,,,,,,,,,,,,,
,-4.999306,-81.150556,,,,,,,,,,,,,,,,,,
,-5.000972,-81.15,,,,,,,,,,,,,,,,,,
,-5.002361,-81.149444,,,,,,,,,,,,,,,,,,
,-5.004028,-81.148889,,,,,,,,,,,,,,,,,,
,-5.005417,-81.148333,,,,,,,,,,,,,,,,,,
,-5.007083,-81.147778,,,,,,,,,,,,,,,,,,
,-5.00875,-81.147222,,,,,,,,,,,,,,,,,,
,-5.010417,-81.146667,,,,,,,,,,,,,,,,,,
,-5.011806,-81.145833,,,,,,,,,,,,,,,,,,
,-5.646806,-80.939444,,,,,,,,,,,,,,,,,,
,-5.648194,-80.939167,,,,,,,,,,,,,,,,,,
,-5.649306,-80.939167,,,,,,,,,,,,,,,,,,
,-5.650417,-80.939167,,,,,,,,,,,,,,,,,,
,-5.651806,-80.938611,,,,,,,,,,,,,,,,,,
,-5.653194,-80.938333,,,,,,,,,,,,,,,,,,
,-5.654306,-80.937778,,,,,,,,,,,,,,,,,,
,-5.655417,-80.9375,,,,,,,,,,,,,,,,,,
,-5.65625,-80.936944,,,,,,,,,,,,,,,,,,
,-5.657361,-80.936944,,,,,,,,,,,,,,,,,,
,-5.657917,-80.936667,,,,,,,,,,,,,,,,,,
,-5.65875,-80.936667,,,,,,,,,,,,,,,,,,
,-5.659306,-80.936389,,,,,,,,,,,,,,,,,,
,-5.659306,-80.936944,,,,,,,,,,,,,,,,,,
,-5.659306,-80.936944,,,,,,,,,,,,,,,,,,
,-5.659583,-80.936944,,,,,,,,,,,,,,,,,,
,-5.659583,-80.937222,,,,,,,,,,,,,,,,,,
,-5.633194,-80.965556,,,,,,,,,,,,,,,,,,
,-5.635139,-80.965556,,,,,,,,,,,,,,,,,,
,-5.636528,-80.965556,,,,,,,,,,,,,,,,,,
,-5.638194,-80.965833,,,,,,,,,,,,,,,,,,
,-5.639861,-80.965833,,,,,,,,,,,,,,,,,,
,-5.64125,-80.965833,,,,,,,,,,,,,,,,,,
,-5.642917,-80.965833,,,,,,,,,,,,,,,,,,
,-5.644583,-80.965833,,,,,,,,,,,,,,,,,,
,-5.64625,-80.965833,,,,,,,,,,,,,,,,,,
,-5.647917,-80.965833,,,,,,,,,,,,,,,,,,
,-5.644583,-80.965278,,,,,,,,,,,,,,,,,,
,-5.646528,-80.964722,,,,,,,,,,,,,,,,,,
,-5.647361,-80.965,,,,,,,,,,,,,,,,,,
,-5.648194,-80.965,,,,,,,,,,,,,,,,,,
,-5.649028,-80.965278,,,,,,,,,,,,,,,,,,
,-5.649583,-80.965278,,,,,,,,,,,,,,,,,,
,-5.650139,-80.965556,,,,,,,,,,,,,,,,,,
,-5.653472,-80.965278,,,,,,,,,,,,,,,,,,
,-5.655694,-80.965278,,,,,,,,,,,,,,,,,,
,-5.657917,-80.965,,,,,,,,,,,,,,,,,,
,-5.659306,-80.965,,,,,,,,,,,,,,,,,,
,-5.659583,-80.965278,,,,,,,,,,,,,,,,,,
,-5.660139,-80.965278,,,,,,,,,,,,,,,,,,
,-5.660972,-80.965278,,,,,,,,,,,,,,,,,,
,-5.661528,-80.965,,,,,,,,,,,,,,,,,,
,-5.659861,-81.018056,,,,,,,,,,,,,,,,,,
,-5.661528,-81.0175,,,,,,,,,,,,,,,,,,
,-5.663472,-81.016944,,,,,,,,,,,,,,,,,,
,-5.664861,-81.0175,,,,,,,,,,,,,,,,,,
,-5.665417,-81.0175,,,,,,,,,,,,,,,,,,
,-5.666528,-81.017778,,,,,,,,,,,,,,,,,,
,-5.667361,-81.017778,,,,,,,,,,,,,,,,,,
,-5.668194,-81.0175,,,,,,,,,,,,,,,,,,
,-5.637083,-80.9725,,,,,,,,,,,,,,,,,,
,-5.639028,-80.972222,,,,,,,,,,,,,,,,,,
,-5.640139,-80.971667,,,,,,,,,,,,,,,,,,
,-5.640972,-80.971944,,,,,,,,,,,,,,,,,,
,-5.641528,-80.971944,,,,,,,,,,,,,,,,,,
,-5.642361,-80.972222,,,,,,,,,,,,,,,,,,
,-5.643194,-80.972778,,,,,,,,,,,,,,,,,,
,-5.644028,-80.972778,,,,,,,,,,,,,,,,,,
,-5.605139,-80.979444,,,,,,,,,,,,,,,,,,
,-5.609028,-80.980278,,,,,,,,,,,,,,,,,,
,-5.611528,-80.980556,,,,,,,,,,,,,,,,,,
,-5.61375,-80.980833,,,,,,,,,,,,,,,,,,
,-5.616528,-80.981111,,,,,,,,,,,,,,,,,,
,-5.618472,-80.981389,,,,,,,,,,,,,,,,,,
,-5.619583,-80.981944,,,,,,,,,,,,,,,,,,
,-5.620972,-80.982222,,,,,,,,,,,,,,,,,,
,-5.622083,-80.9825,,,,,,,,,,,,,,,,,,
,-5.623472,-80.9825,,,,,,,,,,,,,,,,,,
,-4.965972,-81.243056,,,,,,,,,,,,,,,,,,
,-4.96625,-81.242222,,,,,,,,,,,,,,,,,,
,-4.96625,-81.241667,,,,,,,,,,,,,,,,,,
,-4.96625,-81.241111,,,,,,,,,,,,,,,,,,
,-4.965972,-81.240833,,,,,,,,,,,,,,,,,,
,-4.965694,-81.240833,,,,,,,,,,,,,,,,,,
,-4.964583,-81.245278,,,,,,,,,,,,,,,,,,
,-4.965139,-81.244167,,,,,,,,,,,,,,,,,,
,-4.965417,-81.243611,,,,,,,,,,,,,,,,,,
,-4.965417,-81.243333,,,,,,,,,,,,,,,,,,
,-4.965139,-81.243056,,,,,,,,,,,,,,,,,,
,-4.965417,-81.242222,,,,,,,,,,,,,,,,,,
,-4.964861,-81.242222,,,,,,,,,,,,,,,,,,
,-4.990417,-81.184167,,,,,,,,,,,,,,,,,,
,-4.99125,-81.183333,,,,,,,,,,,,,,,,,,
,-4.992083,-81.182778,,,,,,,,,,,,,,,,,,
,-4.992917,-81.182222,,,,,,,,,,,,,,,,,,
,-4.994028,-81.181389,,,,,,,,,,,,,,,,,,
,-4.994583,-81.180833,,,,,,,,,,,,,,,,,,
,-4.995417,-81.18,,,,,,,,,,,,,,,,,,
,-4.996528,-81.178889,,,,,,,,,,,,,,,,,,
,-4.997361,-81.177778,,,,,,,,,,,,,,,,,,
,-4.998194,-81.176944,,,,,,,,,,,,,,,,,,
,-4.999306,-81.175833,,,,,,,,,,,,,,,,,,
,-5.000417,-81.175,,,,,,,,,,,,,,,,,,
,-5.001528,-81.174167,,,,,,,,,,,,,,,,,,
,-5.002639,-81.173611,,,,,,,,,,,,,,,,,,
,-5.004028,-81.172778,,,,,,,,,,,,,,,,,,
,-5.005139,-81.172222,,,,,,,,,,,,,,,,,,
,-5.00625,-81.171944,,,,,,,,,,,,,,,,,,
,-5.007361,-81.171389,,,,,,,,,,,,,,,,,,
,-4.98125,-81.180833,,,,,,,,,,,,,,,,,,
,-4.983472,-81.179722,,,,,,,,,,,,,,,,,,
,-4.985694,-81.178611,,,,,,,,,,,,,,,,,,
,-4.987639,-81.177778,,,,,,,,,,,,,,,,,,
,-4.98875,-81.177222,,,,,,,,,,,,,,,,,,
,-4.989861,-81.176944,,,,,,,,,,,,,,,,,,
,-4.990972,-81.176667,,,,,,,,,,,,,,,,,,
,-4.992361,-81.176389,,,,,,,,,,,,,,,,,,
,-4.992917,-81.175833,,,,,,,,,,,,,,,,,,
,-4.987917,-81.164722,,,,,,,,,,,,,,,,,,
,-4.990139,-81.163889,,,,,,,,,,,,,,,,,,
,-4.992361,-81.163056,,,,,,,,,,,,,,,,,,
,-4.994583,-81.162222,,,,,,,,,,,,,,,,,,
,-4.996528,-81.161667,,,,,,,,,,,,,,,,,,
,-4.998472,-81.161111,,,,,,,,,,,,,,,,,,
,-5.000417,-81.160833,,,,,,,,,,,,,,,,,,
,-5.002361,-81.160556,,,,,,,,,,,,,,,,,,
,-5.004028,-81.160556,,,,,,,,,,,,,,,,,,
,-5.005972,-81.160556,,,,,,,,,,,,,,,,,,
,-5.007639,-81.160278,,,,,,,,,,,,,,,,,,
,-5.009306,-81.160278,,,,,,,,,,,,,,,,,,
,-5.010972,-81.160556,,,,,,,,,,,,,,,,,,
,-5.613472,-81.035,,,,,,,,,,,,,,,,,,
,-5.614583,-81.034444,,,,,,,,,,,,,,,,,,
,-5.615694,-81.033889,,,,,,,,,,,,,,,,,,
,-5.61625,-81.033333,,,,,,,,,,,,,,,,,,
,-5.61625,-81.033333,,,,,,,,,,,,,,,,,,
,-5.616528,-81.032778,,,,,,,,,,,,,,,,,,
,-5.61625,-81.0325,,,,,,,,,,,,,,,,,,
,-5.607639,-81.008889,,,,,,,,,,,,,,,,,,
,-5.609583,-81.008611,,,,,,,,,,,,,,,,,,
,-5.611528,-81.008333,,,,,,,,,,,,,,,,,,
,-5.612639,-81.008333,,,,,,,,,,,,,,,,,,
,-5.613194,-81.008333,,,,,,,,,,,,,,,,,,
,-5.61375,-81.008333,,,,,,,,,,,,,,,,,,
,-5.614583,-81.008056,,,,,,,,,,,,,,,,,,
,-4.974583,-81.185,,,,,,,,,,,,,,,,,,
,-4.976806,-81.183889,,,,,,,,,,,,,,,,,,
,-4.97875,-81.183056,,,,,,,,,,,,,,,,,,
,-4.980972,-81.182222,,,,,,,,,,,,,,,,,,
,-4.982917,-81.181389,,,,,,,,,,,,,,,,,,
,-4.985139,-81.180833,,,,,,,,,,,,,,,,,,
,-4.987361,-81.18,,,,,,,,,,,,,,,,,,
,-4.989583,-81.179167,,,,,,,,,,,,,,,,,,
,-4.99125,-81.178333,,,,,,,,,,,,,,,,,,
,-4.992361,-81.178056,,,,,,,,,,,,,,,,,,
,-4.993472,-81.1775,,,,,,,,,,,,,,,,,,
,-5.012639,-81.156389,,,,,,,,,,,,,,,,,,
,-5.015139,-81.156667,,,,,,,,,,,,,,,,,,
,-5.016528,-81.156389,,,,,,,,,,,,,,,,,,
,-5.017361,-81.156667,,,,,,,,,,,,,,,,,,
,-5.018472,-81.156944,,,,,,,,,,,,,,,,,,
,-5.019028,-81.156667,,,,,,,,,,,,,,,,,,
,-5.691528,-80.965278,,,,,,,,,,,,,,,,,,
,-5.691528,-80.967222,,,,,,,,,,,,,,,,,,
,-5.692639,-80.966389,,,,,,,,,,,,,,,,,,
,-5.692917,-80.966389,,,,,,,,,,,,,,,,,,
,-5.692917,-80.966389,,,,,,,,,,,,,,,,,,
,-5.693194,-80.966667,,,,,,,,,,,,,,,,,,
,-5.692917,-80.966667,,,,,,,,,,,,,,,,,,
,-5.693194,-80.966667,,,,,,,,,,,,,,,,,,
,-5.694028,-80.966111,,,,,,,,,,,,,,,,,,
,-5.667083,-80.953333,,,,,,,,,,,,,,,,,,
,-5.668472,-80.953056,,,,,,,,,,,,,,,,,,
,-5.669583,-80.952778,,,,,,,,,,,,,,,,,,
,-5.670972,-80.9525,,,,,,,,,,,,,,,,,,
,-5.672361,-80.9525,,,,,,,,,,,,,,,,,,
,-5.67375,-80.9525,,,,,,,,,,,,,,,,,,
,-5.675417,-80.9525,,,,,,,,,,,,,,,,,,
,-5.676806,-80.952222,,,,,,,,,,,,,,,,,,
,-5.678472,-80.951944,,,,,,,,,,,,,,,,,,
,-5.680139,-80.951389,,,,,,,,,,,,,,,,,,
,-5.681528,-80.950833,,,,,,,,,,,,,,,,,,
,-5.683194,-80.950278,,,,,,,,,,,,,,,,,,
,-5.700694,-80.961944,,,,,,,,,,,,,,,,,,
,-5.702917,-80.961944,,,,,,,,,,,,,,,,,,
,-5.704583,-80.961944,,,,,,,,,,,,,,,,,,
,-5.704861,-80.962222,,,,,,,,,,,,,,,,,,
,-5.705139,-80.962222,,,,,,,,,,,,,,,,,,
,-5.705417,-80.962222,,,,,,,,,,,,,,,,,,
,-5.705694,-80.961389,,,,,,,,,,,,,,,,,,
,-12.131528,-77.164167,,,,,,,,,,,,,,,,,,
,-12.131806,-77.163889,,,,,,,,,,,,,,,,,,
,-12.132083,-77.164167,,,,,,,,,,,,,,,,,,
,-12.132083,-77.163889,,,,,,,,,,,,,,,,,,
,-12.131806,-77.163611,,,,,,,,,,,,,,,,,,
,-12.131528,-77.163611,,,,,,,,,,,,,,,,,,
,-12.130694,-77.163333,,,,,,,,,,,,,,,,,,
,-12.151806,-77.181389,,,,,,,,,,,,,,,,,,
,-12.153194,-77.180278,,,,,,,,,,,,,,,,,,
,-12.154306,-77.179722,,,,,,,,,,,,,,,,,,
,-12.155417,-77.178611,,,,,,,,,,,,,,,,,,
,-12.155972,-77.177778,,,,,,,,,,,,,,,,,,
,-12.15625,-77.176944,,,,,,,,,,,,,,,,,,
,-12.15625,-77.175556,,,,,,,,,,,,,,,,,,
,-12.15625,-77.174722,,,,,,,,,,,,,,,,,,
,-12.140417,-77.15,,,,,,,,,,,,,,,,,,
,-12.141806,-77.148889,,,,,,,,,,,,,,,,,,
,-12.143472,-77.148056,,,,,,,,,,,,,,,,,,
,-12.144583,-77.147222,,,,,,,,,,,,,,,,,,
,-12.145139,-77.145833,,,,,,,,,,,,,,,,,,
,-12.145694,-77.145,,,,,,,,,,,,,,,,,,
,-12.14625,-77.143889,,,,,,,,,,,,,,,,,,
,-12.145972,-77.143056,,,,,,,,,,,,,,,,,,
,-12.135139,-77.161944,,,,,,,,,,,,,,,,,,
,-12.133472,-77.161389,,,,,,,,,,,,,,,,,,
,-12.134306,-77.160556,,,,,,,,,,,,,,,,,,
,-12.135139,-77.159722,,,,,,,,,,,,,,,,,,
,-12.135417,-77.158611,,,,,,,,,,,,,,,,,,
,-12.135417,-77.158056,,,,,,,,,,,,,,,,,,
,-12.135139,-77.156944,,,,,,,,,,,,,,,,,,
,-12.020417,-77.295,,,,,,,,,,,,,,,,,,
,-12.020694,-77.293889,,,,,,,,,,,,,,,,,,
,-12.021528,-77.293333,,,,,,,,,,,,,,,,,,
,-12.022083,-77.2925,,,,,,,,,,,,,,,,,,
,-12.022361,-77.291667,,,,,,,,,,,,,,,,,,
,-12.021806,-77.291111,,,,,,,,,,,,,,,,,,
,-12.02125,-77.290556,,,,,,,,,,,,,,,,,,
,-12.150139,-77.142222,,,,,,,,,,,,,,,,,,
,-12.151806,-77.140833,,,,,,,,,,,,,,,,,,
,-12.153194,-77.139444,,,,,,,,,,,,,,,,,,
,-12.154306,-77.138056,,,,,,,,,,,,,,,,,,
,-12.155139,-77.136667,,,,,,,,,,,,,,,,,,
,-12.155694,-77.135556,,,,,,,,,,,,,,,,,,
,-12.155972,-77.134722,,,,,,,,,,,,,,,,,,
,-12.137083,-77.158056,,,,,,,,,,,,,,,,,,
,-12.13875,-77.156944,,,,,,,,,,,,,,,,,,
,-12.140694,-77.155833,,,,,,,,,,,,,,,,,,
,-12.142083,-77.154722,,,,,,,,,,,,,,,,,,
,-12.142361,-77.153611,,,,,,,,,,,,,,,,,,
,-12.142917,-77.1525,,,,,,,,,,,,,,,,,,
,-12.142917,-77.151667,,,,,,,,,,,,,,,,,,
,-12.142639,-77.151944,,,,,,,,,,,,,,,,,,
,-12.154861,-77.160833,,,,,,,,,,,,,,,,,,
,-12.162917,-77.155833,,,,,,,,,,,,,,,,,,
,-12.163472,-77.155833,,,,,,,,,,,,,,,,,,
,-12.164306,-77.155556,,,,,,,,,,,,,,,,,,
,-12.164861,-77.155556,,,,,,,,,,,,,,,,,,
,-12.165694,-77.155278,,,,,,,,,,,,,,,,,,
,-12.16625,-77.155278,,,,,,,,,,,,,,,,,,
,-12.166806,-77.154722,,,,,,,,,,,,,,,,,,
,-12.166806,-77.154167,,,,,,,,,,,,,,,,,,
,-12.167083,-77.153611,,,,,,,,,,,,,,,,,,
,-12.167083,-77.153333,,,,,,,,,,,,,,,,,,
,-12.167361,-77.153056,,,,,,,,,,,,,,,,,,
,-12.167917,-77.152778,,,,,,,,,,,,,,,,,,
,-12.167917,-77.152778,,,,,,,,,,,,,,,,,,
,-12.167917,-77.152778,,,,,,,,,,,,,,,,,,
,-12.164861,-77.150833,,,,,,,,,,,,,,,,,,
,-12.165417,-77.150556,,,,,,,,,,,,,,,,,,
,-12.165972,-77.150556,,,,,,,,,,,,,,,,,,
,-12.16625,-77.150278,,,,,,,,,,,,,,,,,,
,-12.165694,-77.15,,,,,,,,,,,,,,,,,,
,-12.165417,-77.149444,,,,,,,,,,,,,,,,,,
,-12.165139,-77.149444,,,,,,,,,,,,,,,,,,
,-12.165139,-77.149167,,,,,,,,,,,,,,,,,,
,-12.153194,-77.190833,,,,,,,,,,,,,,,,,,
,-12.154583,-77.189444,,,,,,,,,,,,,,,,,,
,-12.155972,-77.188056,,,,,,,,,,,,,,,,,,
,-12.156528,-77.186389,,,,,,,,,,,,,,,,,,
,-12.15625,-77.185,,,,,,,,,,,,,,,,,,
,-12.156528,-77.183611,,,,,,,,,,,,,,,,,,
,-12.156528,-77.1825,,,,,,,,,,,,,,,,,,
,-12.131528,-77.166667,,,,,,,,,,,,,,,,,,
,-12.135139,-77.166667,,,,,,,,,,,,,,,,,,
,-12.135694,-77.166389,,,,,,,,,,,,,,,,,,
,-12.13625,-77.166111,,,,,,,,,,,,,,,,,,
,-12.136806,-77.165833,,,,,,,,,,,,,,,,,,
,-12.135139,-77.166667,,,,,,,,,,,,,,,,,,
,-12.134583,-77.166667,,,,,,,,,,,,,,,,,,
,-12.134861,-77.166111,,,,,,,,,,,,,,,,,,
,-12.134583,-77.165833,,,,,,,,,,,,,,,,,,
,-12.134583,-77.165278,,,,,,,,,,,,,,,,,,
,-12.134583,-77.165278,,,,,,,,,,,,,,,,,,
,-12.134306,-77.166389,,,,,,,,,,,,,,,,,,
,-12.142361,-77.178611,,,,,,,,,,,,,,,,,,
,-12.143472,-77.1775,,,,,,,,,,,,,,,,,,
,-12.144861,-77.176111,,,,,,,,,,,,,,,,,,
,-12.145972,-77.175,,,,,,,,,,,,,,,,,,
,-12.14625,-77.173889,,,,,,,,,,,,,,,,,,
,-12.14625,-77.173056,,,,,,,,,,,,,,,,,,
,-12.14625,-77.173056,,,,,,,,,,,,,,,,,,
,-12.137083,-77.158889,,,,,,,,,,,,,,,,,,
,-12.138194,-77.1575,,,,,,,,,,,,,,,,,,
,-12.139583,-77.156389,,,,,,,,,,,,,,,,,,
,-12.140972,-77.155278,,,,,,,,,,,,,,,,,,
,-12.142083,-77.153889,,,,,,,,,,,,,,,,,,
,-12.142361,-77.152778,,,,,,,,,,,,,,,,,,
,-12.142361,-77.151389,,,,,,,,,,,,,,,,,,
,-12.14125,-77.166667,,,,,,,,,,,,,,,,,,
,-12.136806,-77.166944,,,,,,,,,,,,,,,,,,
,-12.138194,-77.165833,,,,,,,,,,,,,,,,,,
,-12.139306,-77.164722,,,,,,,,,,,,,,,,,,
,-12.140139,-77.163333,,,,,,,,,,,,,,,,,,
,-12.140694,-77.1625,,,,,,,,,,,,,,,,,,
,-12.140972,-77.161667,,,,,,,,,,,,,,,,,,
,-12.141528,-77.160833,,,,,,,,,,,,,,,,,,
,-12.141806,-77.159722,,,,,,,,,,,,,,,,,,
,-12.142083,-77.158889,,,,,,,,,,,,,,,,,,
,-12.142639,-77.158056,,,,,,,,,,,,,,,,,,
,-12.142917,-77.157222,,,,,,,,,,,,,,,,,,
,-12.143194,-77.156389,,,,,,,,,,,,,,,,,,
,-12.143194,-77.155556,,,,,,,,,,,,,,,,,,
,-12.143472,-77.155,,,,,,,,,,,,,,,,,,
,-11.968472,-77.231667,,,,,,,,,,,,,,,,,,
,-11.96875,-77.231389,,,,,,,,,,,,,,,,,,
,-11.969306,-77.230833,,,,,,,,,,,,,,,,,,
,-11.969861,-77.230833,,,,,,,,,,,,,,,,,,
,-11.970417,-77.230556,,,,,,,,,,,,,,,,,,
,-11.970694,-77.230278,,,,,,,,,,,,,,,,,,
,-11.970972,-77.23,,,,,,,,,,,,,,,,,,
,-11.97125,-77.229444,,,,,,,,,,,,,,,,,,
,-11.971806,-77.229167,,,,,,,,,,,,,,,,,,
,-11.972361,-77.228611,,,,,,,,,,,,,,,,,,
,-11.972361,-77.228611,,,,,,,,,,,,,,,,,,
,-11.971806,-77.228611,,,,,,,,,,,,,,,,,,
,-11.971528,-77.228611,,,,,,,,,,,,,,,,,,
,-11.970972,-77.228889,,,,,,,,,,,,,,,,,,
,-12.15125,-77.164722,,,,,,,,,,,,,,,,,,
,-12.151806,-77.165,,,,,,,,,,,,,,,,,,
,-12.152639,-77.165278,,,,,,,,,,,,,,,,,,
,-12.153472,-77.165556,,,,,,,,,,,,,,,,,,
,-12.154028,-77.165556,,,,,,,,,,,,,,,,,,
,-12.154306,-77.165556,,,,,,,,,,,,,,,,,,
,-12.154583,-77.165833,,,,,,,,,,,,,,,,,,
,-12.154583,-77.165556,,,,,,,,,,,,,,,,,,
,-12.169028,-77.154444,,,,,,,,,,,,,,,,,,
,-12.170139,-77.153611,,,,,,,,,,,,,,,,,,
,-12.17125,-77.153056,,,,,,,,,,,,,,,,,,
,-12.172639,-77.152222,,,,,,,,,,,,,,,,,,
,-12.172917,-77.151389,,,,,,,,,,,,,,,,,,
,-12.173472,-77.150556,,,,,,,,,,,,,,,,,,
,-12.174028,-77.149722,,,,,,,,,,,,,,,,,,
,-12.174306,-77.149167,,,,,,,,,,,,,,,,,,
,-12.174583,-77.148889,,,,,,,,,,,,,,,,,,
,-12.171528,-77.154444,,,,,,,,,,,,,,,,,,
,-12.164861,-77.154167,,,,,,,,,,,,,,,,,,
,-12.165139,-77.154167,,,,,,,,,,,,,,,,,,
,-12.165694,-77.154167,,,,,,,,,,,,,,,,,,
,-12.16625,-77.154167,,,,,,,,,,,,,,,,,,
,-12.165972,-77.153611,,,,,,,,,,,,,,,,,,
,-12.152361,-77.180556,,,,,,,,,,,,,,,,,,
,-12.15375,-77.179167,,,,,,,,,,,,,,,,,,
,-12.155139,-77.177778,,,,,,,,,,,,,,,,,,
,-12.155417,-77.176389,,,,,,,,,,,,,,,,,,
,-12.155417,-77.175278,,,,,,,,,,,,,,,,,,
,-12.155417,-77.174444,,,,,,,,,,,,,,,,,,
,-12.15625,-77.175,,,,,,,,,,,,,,,,,,
