time,latitude,longitude,depth,magType,nst,gap,dmin,rms,net,id,updated,place,type,horizontalError,depthError,magError,magNst,status,locationSource,magSource
,-4.9693,-81.174699,,,,,,,,,,,,,,,,,,
,-4.97,-81.173099,,,,,,,,,,,,,,,,,,
,-4.9698,-81.1716,,,,,,,,,,,,,,,,,,
,-4.9702,-81.1705,,,,,,,,,,,,,,,,,,
,-4.9704,-81.1705,,,,,,,,,,,,,,,,,,
,-4.9702,-81.1705,,,,,,,,,,,,,,,,,,
,-4.9704,-81.1705,,,,,,,,,,,,,,,,,,
,-4.9703,-81.170399,,,,,,,,,,,,,,,,,,
,-4.9902,-81.1659,,,,,,,,,,,,,,,,,,
,-4.9912,-81.1655,,,,,,,,,,,,,,,,,,
,-4.9921,-81.1653,,,,,,,,,,,,,,,,,,
,-4.993,-81.1651,,,,,,,,,,,,,,,,,,
,-4.9935,-81.161,,,,,,,,,,,,,,,,,,
,-4.9947,-81.1607,,,,,,,,,,,,,,,,,,
,-4.9958,-81.160399,,,,,,,,,,,,,,,,,,
,-4.9971,-81.16,,,,,,,,,,,,,,,,,,
,-4.9984,-81.159499,,,,,,,,,,,,,,,,,,
,-4.9998,-81.1589,,,,,,,,,,,,,,,,,,
,-5.0012,-81.158599,,,,,,,,,,,,,,,,,,
,-5.0025,-81.1585,,,,,,,,,,,,,,,,,,
,-5.0039,-81.158399,,,,,,,,,,,,,,,,,,
,-5.0055,-81.1583,,,,,,,,,,,,,,,,,,
,-5.0073,-81.158099,,,,,,,,,,,,,,,,,,
,-5.0092,-81.157899,,,,,,,,,,,,,,,,,,
,-5.011,-81.157699,,,,,,,,,,,,,,,,,,
,-5.0128,-81.157699,,,,,,,,,,,,,,,,,,
,-5.0146,-81.157699,,,,,,,,,,,,,,,,,,
,-4.986528,-81.1825,,,,,,,,,,,,,,,,,,
,-4.988194,-81.181944,,,,,,,,,,,,,,,,,,
,-4.989306,-81.181389,,,,,,,,,,,,,,,,,,
,-4.989861,-81.180833,,,,,,,,,,,,,,,,,,
,-4.990694,-81.18,,,,,,,,,,,,,,,,,,
,-4.991528,-81.180278,,,,,,,,,,,,,,,,,,
,-4.969,-81.163299,,,,,,,,,,,,,,,,,,
,-4.9696,-81.162199,,,,,,,,,,,,,,,,,,
,-4.9701,-81.1612,,,,,,,,,,,,,,,,,,
,-4.9701,-81.1608,,,,,,,,,,,,,,,,,,
,-4.9698,-81.1609,,,,,,,,,,,,,,,,,,
,-4.9699,-81.1607,,,,,,,,,,,,,,,,,,
,-4.97,-81.160599,,,,,,,,,,,,,,,,,,
,-5.002639,-81.138056,,,,,,,,,,,,,,,,,,
,-5.00375,-81.137778,,,,,,,,,,,,,,,,,,
,-5.004861,-81.137222,,,,,,,,,,,,,,,,,,
,-5.005694,-81.136667,,,,,,,,,,,,,,,,,,
,-5.006528,-81.136389,,,,,,,,,,,,,,,,,,
,-5.007361,-81.136667,,,,,,,,,,,,,,,,,,
,-5.014861,-81.124722,,,,,,,,,,,,,,,,,,
,-5.015694,-81.124167,,,,,,,,,,,,,,,,,,
,-5.016528,-81.123889,,,,,,,,,,,,,,,,,,
,-5.017083,-81.124167,,,,,,,,,,,,,,,,,,
,-5.017083,-81.123889,,,,,,,,,,,,,,,,,,
,-5.017083,-81.124167,,,,,,,,,,,,,,,,,,
,-4.984028,-81.154722,,,,,,,,,,,,,,,,,,
,-4.984306,-81.153611,,,,,,,,,,,,,,,,,,
,-4.985972,-81.152778,,,,,,,,,,,,,,,,,,
,-4.987639,-81.151944,,,,,,,,,,,,,,,,,,
,-4.989306,-81.151389,,,,,,,,,,,,,,,,,,
,-4.990972,-81.150833,,,,,,,,,,,,,,,,,,
,-4.992639,-81.150556,,,,,,,,,,,,,,,,,,
,-4.994306,-81.15,,,,,,,,,,,,,,,,,,
,-4.99625,-81.149444,,,,,,,,,,,,,,,,,,
,-4.998194,-81.148889,,,,,,,,,,,,,,,,,,
,-4.92875,-81.230833,,,,,,,,,,,,,,,,,,
,-4.930694,-81.229722,,,,,,,,,,,,,,,,,,
,-4.932639,-81.228611,,,,,,,,,,,,,,,,,,
,-4.93375,-81.2275,,,,,,,,,,,,,,,,,,
,-4.934861,-81.226667,,,,,,,,,,,,,,,,,,
,-4.935972,-81.225833,,,,,,,,,,,,,,,,,,
,-4.937083,-81.225556,,,,,,,,,,,,,,,,,,
,-4.969306,-81.203333,,,,,,,,,,,,,,,,,,
,-4.970417,-81.202778,,,,,,,,,,,,,,,,,,
,-4.972083,-81.201667,,,,,,,,,,,,,,,,,,
,-4.973194,-81.201111,,,,,,,,,,,,,,,,,,
,-4.974028,-81.200556,,,,,,,,,,,,,,,,,,
,-4.974861,-81.199722,,,,,,,,,,,,,,,,,,
,-4.975972,-81.199167,,,,,,,,,,,,,,,,,,
,-4.976806,-81.198611,,,,,,,,,,,,,,,,,,
,-4.999583,-81.165833,,,,,,,,,,,,,,,,,,
,-5.000972,-81.165833,,,,,,,,,,,,,,,,,,
,-5.002083,-81.166111,,,,,,,,,,,,,,,,,,
,-5.003194,-81.166111,,,,,,,,,,,,,,,,,,
,-5.004028,-81.166111,,,,,,,,,,,,,,,,,,
,-5.004583,-81.166111,,,,,,,,,,,,,,,,,,
,-5.005694,-81.166111,,,,,,,,,,,,,,,,,,
,-5.005972,-81.165556,,,,,,,,,,,,,,,,,,
,-5.00625,-81.165278,,,,,,,,,,,,,,,,,,
,-4.985139,-81.184167,,,,,,,,,,,,,,,,,,
,-4.986806,-81.183333,,,,,,,,,,,,,,,,,,
,-4.988472,-81.1825,,,,,,,,,,,,,,,,,,
,-4.989583,-81.181944,,,,,,,,,,,,,,,,,,
,-4.990139,-81.181111,,,,,,,,,,,,,,,,,,
,-4.990972,-81.180278,,,,,,,,,,,,,,,,,,
,-4.990417,-81.175556,,,,,,,,,,,,,,,,,,
,-4.990139,-81.172222,,,,,,,,,,,,,,,,,,
,-4.991806,-81.171667,,,,,,,,,,,,,,,,,,
,-4.993472,-81.170556,,,,,,,,,,,,,,,,,,
,-4.994861,-81.17,,,,,,,,,,,,,,,,,,
,-4.995694,-81.17,,,,,,,,,,,,,,,,,,
,-4.996528,-81.169722,,,,,,,,,,,,,,,,,,
,-4.997083,-81.169722,,,,,,,,,,,,,,,,,,
,-4.9692,-81.173299,,,,,,,,,,,,,,,,,,
,-4.9691,-81.173,,,,,,,,,,,,,,,,,,
,-4.9692,-81.173,,,,,,,,,,,,,,,,,,
,-4.9692,-81.1729,,,,,,,,,,,,,,,,,,
,-4.9693,-81.1728,,,,,,,,,,,,,,,,,,
,-4.9695,-81.1729,,,,,,,,,,,,,,,,,,
,-4.9697,-81.172599,,,,,,,,,,,,,,,,,,
,-4.9698,-81.1727,,,,,,,,,,,,,,,,,,
,-4.9698,-81.1727,,,,,,,,,,,,,,,,,,
,-4.9699,-81.1727,,,,,,,,,,,,,,,,,,
,-4.9852,-81.1659,,,,,,,,,,,,,,,,,,
,-4.9857,-81.1653,,,,,,,,,,,,,,,,,,
,-4.9861,-81.1651,,,,,,,,,,,,,,,,,,
,-4.9862,-81.165,,,,,,,,,,,,,,,,,,
,-4.9864,-81.1653,,,,,,,,,,,,,,,,,,
,-4.9862,-81.165399,,,,,,,,,,,,,,,,,,
,-4.986,-81.165599,,,,,,,,,,,,,,,,,,
,-4.9852,-81.1655,,,,,,,,,,,,,,,,,,
,-5.002083,-81.1525,,,,,,,,,,,,,,,,,,
,-5.002639,-81.152778,,,,,,,,,,,,,,,,,,
,-5.003472,-81.152778,,,,,,,,,,,,,,,,,,
,-5.004028,-81.153056,,,,,,,,,,,,,,,,,,
,-5.005139,-81.153056,,,,,,,,,,,,,,,,,,
,-5.005694,-81.153056,,,,,,,,,,,,,,,,,,
,-5.006806,-81.1525,,,,,,,,,,,,,,,,,,
,-5.007639,-81.152222,,,,,,,,,,,,,,,,,,
,-4.960417,-81.181111,,,,,,,,,,,,,,,,,,
,-4.960694,-81.180278,,,,,,,,,,,,,,,,,,
,-4.960972,-81.179722,,,,,,,,,,,,,,,,,,
,-4.96125,-81.178889,,,,,,,,,,,,,,,,,,
,-4.961806,-81.178056,,,,,,,,,,,,,,,,,,
,-4.962361,-81.176944,,,,,,,,,,,,,,,,,,
,-4.967639,-81.186667,,,,,,,,,,,,,,,,,,
,-4.967917,-81.186667,,,,,,,,,,,,,,,,,,
,-4.967917,-81.186111,,,,,,,,,,,,,,,,,,
,-4.967639,-81.185556,,,,,,,,,,,,,,,,,,
,-4.967917,-81.185278,,,,,,,,,,,,,,,,,,
,-4.967917,-81.184167,,,,,,,,,,,,,,,,,,
,-5.001528,-81.151944,,,,,,,,,,,,,,,,,,
,-5.002361,-81.15,,,,,,,,,,,,,,,,,,
,-5.002361,-81.151389,,,,,,,,,,,,,,,,,,
,-5.002361,-81.153056,,,,,,,,,,,,,,,,,,
,-5.002917,-81.153889,,,,,,,,,,,,,,,,,,
,-5.002639,-81.154722,,,,,,,,,,,,,,,,,,
,-5.002639,-81.155278,,,,,,,,,,,,,,,,,,
,-5.002917,-81.155833,,,,,,,,,,,,,,,,,,
,-4.963472,-81.185278,,,,,,,,,,,,,,,,,,
,-4.969028,-81.176944,,,,,,,,,,,,,,,,,,
,-4.969583,-81.175556,,,,,,,,,,,,,,,,,,
,-4.970139,-81.174722,,,,,,,,,,,,,,,,,,
,-4.970139,-81.174722,,,,,,,,,,,,,,,,,,
,-4.970139,-81.174722,,,,,,,,,,,,,,,,,,
,-4.970417,-81.174722,,,,,,,,,,,,,,,,,,
,-4.970694,-81.174444,,,,,,,,,,,,,,,,,,
,-5.00375,-81.156667,,,,,,,,,,,,,,,,,,
,-5.005139,-81.156111,,,,,,,,,,,,,,,,,,
,-5.006806,-81.155556,,,,,,,,,,,,,,,,,,
,-5.008472,-81.155,,,,,,,,,,,,,,,,,,
,-5.010139,-81.154167,,,,,,,,,,,,,,,,,,
,-5.012083,-81.154444,,,,,,,,,,,,,,,,,,
,-4.970972,-81.178611,,,,,,,,,,,,,,,,,,
,-4.97125,-81.178056,,,,,,,,,,,,,,,,,,
,-4.97125,-81.178333,,,,,,,,,,,,,,,,,,
,-4.97125,-81.178333,,,,,,,,,,,,,,,,,,
,-4.97125,-81.178333,,,,,,,,,,,,,,,,,,
,-4.97125,-81.178333,,,,,,,,,,,,,,,,,,
,-4.97125,-81.178333,,,,,,,,,,,,,,,,,,
,-5.006806,-81.158333,,,,,,,,,,,,,,,,,,
,-5.007639,-81.157778,,,,,,,,,,,,,,,,,,
,-5.008472,-81.1575,,,,,,,,,,,,,,,,,,
,-5.009583,-81.157222,,,,,,,,,,,,,,,,,,
,-5.010972,-81.156944,,,,,,,,,,,,,,,,,,
,-5.012639,-81.156389,,,,,,,,,,,,,,,,,,
,-5.014028,-81.155833,,,,,,,,,,,,,,,,,,
,-5.015694,-81.155278,,,,,,,,,,,,,,,,,,
,-4.982361,-81.188611,,,,,,,,,,,,,,,,,,
,-4.984028,-81.1875,,,,,,,,,,,,,,,,,,
,-4.985694,-81.186944,,,,,,,,,,,,,,,,,,
,-4.98625,-81.186667,,,,,,,,,,,,,,,,,,
,-4.987083,-81.186111,,,,,,,,,,,,,,,,,,
,-4.987639,-81.185556,,,,,,,,,,,,,,,,,,
,-5.582639,-81.0375,,,,,,,,,,,,,,,,,,
,-5.584583,-81.035833,,,,,,,,,,,,,,,,,,
,-5.58625,-81.034444,,,,,,,,,,,,,,,,,,
,-5.588194,-81.033333,,,,,,,,,,,,,,,,,,
,-5.590139,-81.031944,,,,,,,,,,,,,,,,,,
,-5.592361,-81.030833,,,,,,,,,,,,,,,,,,
,-5.594583,-81.029444,,,,,,,,,,,,,,,,,,
,-5.596528,-81.028056,,,,,,,,,,,,,,,,,,
,-5.598472,-81.026944,,,,,,,,,,,,,,,,,,
,-5.600417,-81.025833,,,,,,,,,,,,,,,,,,
,-5.602361,-81.024444,,,,,,,,,,,,,,,,,,
,-5.604306,-81.023611,,,,,,,,,,,,,,,,,,
,-5.617917,-80.99,,,,,,,,,,,,,,,,,,
,-5.617917,-80.990278,,,,,,,,,,,,,,,,,,
,-5.617917,-80.990278,,,,,,,,,,,,,,,,,,
,-5.61875,-80.99,,,,,,,,,,,,,,,,,,
,-5.620417,-80.989444,,,,,,,,,,,,,,,,,,
,-5.622083,-80.988611,,,,,,,,,,,,,,,,,,
,-5.623194,-80.988333,,,,,,,,,,,,,,,,,,
,-5.623472,-80.987778,,,,,,,,,,,,,,,,,,
,-5.624028,-80.987222,,,,,,,,,,,,,,,,,,
,-5.624583,-80.986944,,,,,,,,,,,,,,,,,,
,-5.625694,-80.985833,,,,,,,,,,,,,,,,,,
,-5.627083,-80.984444,,,,,,,,,,,,,,,,,,
,-5.697083,-80.94,,,,,,,,,,,,,,,,,,
,-5.697917,-80.939167,,,,,,,,,,,,,,,,,,
,-5.699028,-80.938333,,,,,,,,,,,,,,,,,,
,-5.700417,-80.938056,,,,,,,,,,,,,,,,,,
,-5.701528,-80.9375,,,,,,,,,,,,,,,,,,
,-5.703194,-80.937222,,,,,,,,,,,,,,,,,,
,-5.704583,-80.936667,,,,,,,,,,,,,,,,,,
,-5.70625,-80.936111,,,,,,,,,,,,,,,,,,
,-5.512917,-80.964722,,,,,,,,,,,,,,,,,,
,-5.513194,-80.963889,,,,,,,,,,,,,,,,,,
,-5.51375,-80.963056,,,,,,,,,,,,,,,,,,
,-5.514028,-80.963056,,,,,,,,,,,,,,,,,,
,-5.514306,-80.962778,,,,,,,,,,,,,,,,,,
,-5.514306,-80.963056,,,,,,,,,,,,,,,,,,
,-5.515139,-80.963611,,,,,,,,,,,,,,,,,,
,-5.628472,-80.986944,,,,,,,,,,,,,,,,,,
,-5.629583,-80.986389,,,,,,,,,,,,,,,,,,
,-5.630972,-80.985833,,,,,,,,,,,,,,,,,,
,-5.632361,-80.985,,,,,,,,,,,,,,,,,,
,-5.63375,-80.984167,,,,,,,,,,,,,,,,,,
,-5.635139,-80.983333,,,,,,,,,,,,,,,,,,
,-5.636528,-80.9825,,,,,,,,,,,,,,,,,,
,-5.637917,-80.981667,,,,,,,,,,,,,,,,,,
,-5.639306,-80.981111,,,,,,,,,,,,,,,,,,
,-5.640694,-80.98,,,,,,,,,,,,,,,,,,
,-5.642083,-80.979444,,,,,,,,,,,,,,,,,,
,-5.643194,-80.978611,,,,,,,,,,,,,,,,,,
,-5.644861,-80.978056,,,,,,,,,,,,,,,,,,
,-5.64625,-80.977222,,,,,,,,,,,,,,,,,,
,-5.647917,-80.976389,,,,,,,,,,,,,,,,,,
,-5.649583,-80.975833,,,,,,,,,,,,,,,,,,
,-5.65125,-80.975,,,,,,,,,,,,,,,,,,
,-5.652917,-80.974444,,,,,,,,,,,,,,,,,,
,-5.654861,-80.973889,,,,,,,,,,,,,,,,,,
,-5.656528,-80.973611,,,,,,,,,,,,,,,,,,
,-5.657917,-80.972778,,,,,,,,,,,,,,,,,,
,-5.506528,-80.97,,,,,,,,,,,,,,,,,,
,-5.507917,-80.968889,,,,,,,,,,,,,,,,,,
,-5.509583,-80.968056,,,,,,,,,,,,,,,,,,
,-5.510139,-80.9675,,,,,,,,,,,,,,,,,,
,-5.510694,-80.967222,,,,,,,,,,,,,,,,,,
,-5.51125,-80.966944,,,,,,,,,,,,,,,,,,
,-5.510972,-80.9675,,,,,,,,,,,,,,,,,,
,-5.56625,-81.0325,,,,,,,,,,,,,,,,,,
,-5.568194,-81.030833,,,,,,,,,,,,,,,,,,
,-5.570417,-81.029444,,,,,,,,,,,,,,,,,,
,-5.572639,-81.028056,,,,,,,,,,,,,,,,,,
,-5.574861,-81.026667,,,,,,,,,,,,,,,,,,
,-5.577083,-81.025278,,,,,,,,,,,,,,,,,,
,-5.579306,-81.023889,,,,,,,,,,,,,,,,,,
,-5.006806,-81.168611,,,,,,,,,,,,,,,,,,
,-5.007639,-81.167222,,,,,,,,,,,,,,,,,,
,-5.008472,-81.165556,,,,,,,,,,,,,,,,,,
,-5.009028,-81.164167,,,,,,,,,,,,,,,,,,
,-5.009861,-81.1625,,,,,,,,,,,,,,,,,,
,-5.010417,-81.160833,,,,,,,,,,,,,,,,,,
,-5.011528,-81.16,,,,,,,,,,,,,,,,,,
,-5.012917,-81.159444,,,,,,,,,,,,,,,,,,
,-5.014583,-81.158889,,,,,,,,,,,,,,,,,,
,-5.012083,-81.155,,,,,,,,,,,,,,,,,,
,-5.01375,-81.154444,,,,,,,,,,,,,,,,,,
,-5.015139,-81.153611,,,,,,,,,,,,,,,,,,
,-5.015694,-81.153611,,,,,,,,,,,,,,,,,,
,-5.015694,-81.153611,,,,,,,,,,,,,,,,,,
,-5.015972,-81.153889,,,,,,,,,,,,,,,,,,
,-5.01625,-81.153056,,,,,,,,,,,,,,,,,,
,-5.016806,-81.150556,,,,,,,,,,,,,,,,,,
,-5.007639,-81.145833,,,,,,,,,,,,,,,,,,
,-5.00875,-81.145556,,,,,,,,,,,,,,,,,,
,-5.009306,-81.145278,,,,,,,,,,,,,,,,,,
,-5.010139,-81.145556,,,,,,,,,,,,,,,,,,
,-5.010972,-81.145556,,,,,,,,,,,,,,,,,,
,-5.011806,-81.145278,,,,,,,,,,,,,,,,,,
,-5.012361,-81.145,,,,,,,,,,,,,,,,,,
,-4.991806,-81.153056,,,,,,,,,,,,,,,,,,
,-4.992361,-81.153889,,,,,,,,,,,,,,,,,,
,-4.992639,-81.154722,,,,,,,,,,,,,,,,,,
,-4.993194,-81.155556,,,,,,,,,,,,,,,,,,
,-4.993194,-81.153611,,,,,,,,,,,,,,,,,,
,-4.993472,-81.154167,,,,,,,,,,,,,,,,,,
,-4.99375,-81.155,,,,,,,,,,,,,,,,,,
,-4.99375,-81.155556,,,,,,,,,,,,,,,,,,
,-4.994028,-81.155833,,,,,,,,,,,,,,,,,,
,-4.994306,-81.156389,,,,,,,,,,,,,,,,,,
,-4.995417,-81.156389,,,,,,,,,,,,,,,,,,
,-4.984028,-81.165556,,,,,,,,,,,,,,,,,,
,-4.982917,-81.165833,,,,,,,,,,,,,,,,,,
,-4.981806,-81.166111,,,,,,,,,,,,,,,,,,
,-4.980417,-81.165833,,,,,,,,,,,,,,,,,,
,-4.979306,-81.166111,,,,,,,,,,,,,,,,,,
,-4.978472,-81.166111,,,,,,,,,,,,,,,,,,
,-4.977917,-81.166111,,,,,,,,,,,,,,,,,,
,-4.954583,-81.188889,,,,,,,,,,,,,,,,,,
,-4.953472,-81.189444,,,,,,,,,,,,,,,,,,
,-4.952639,-81.19,,,,,,,,,,,,,,,,,,
,-4.951806,-81.190278,,,,,,,,,,,,,,,,,,
,-4.950972,-81.190278,,,,,,,,,,,,,,,,,,
,-4.950139,-81.190556,,,,,,,,,,,,,,,,,,
,-5.01125,-81.133056,,,,,,,,,,,,,,,,,,
,-5.012083,-81.133056,,,,,,,,,,,,,,,,,,
,-5.012361,-81.133611,,,,,,,,,,,,,,,,,,
,-5.012639,-81.133333,,,,,,,,,,,,,,,,,,
,-5.013194,-81.133611,,,,,,,,,,,,,,,,,,
,-5.01375,-81.133333,,,,,,,,,,,,,,,,,,
,-5.013472,-81.130278,,,,,,,,,,,,,,,,,,
,-5.012083,-81.125556,,,,,,,,,,,,,,,,,,
,-5.013194,-81.125278,,,,,,,,,,,,,,,,,,
,-5.014028,-81.125278,,,,,,,,,,,,,,,,,,
,-5.014583,-81.125556,,,,,,,,,,,,,,,,,,
,-5.014306,-81.125556,,,,,,,,,,,,,,,,,,
,-5.014583,-81.125556,,,,,,,,,,,,,,,,,,
,-4.99375,-81.1425,,,,,,,,,,,,,,,,,,
,-4.995417,-81.141667,,,,,,,,,,,,,,,,,,
,-4.997083,-81.141111,,,,,,,,,,,,,,,,,,
,-4.998194,-81.140278,,,,,,,,,,,,,,,,,,
,-4.999583,-81.139444,,,,,,,,,,,,,,,,,,
,-5.00125,-81.138889,,,,,,,,,,,,,,,,,,
,-5.002917,-81.138333,,,,,,,,,,,,,,,,,,
,-5.004583,-81.137778,,,,,,,,,,,,,,,,,,
,-5.006528,-81.137222,,,,,,,,,,,,,,,,,,
,-5.008194,-81.136944,,,,,,,,,,,,,,,,,,
,-5.010139,-81.136389,,,,,,,,,,,,,,,,,,
,-5.011528,-81.135556,,,,,,,,,,,,,,,,,,
,-5.01125,-81.133889,,,,,,,,,,,,,,,,,,
,-5.001528,-81.155833,,,,,,,,,,,,,,,,,,
,-5.000139,-81.158889,,,,,,,,,,,,,,,,,,
,-5.00125,-81.157778,,,,,,,,,,,,,,,,,,
,-5.002361,-81.156667,,,,,,,,,,,,,,,,,,
,-5.00375,-81.156111,,,,,,,,,,,,,,,,,,
,-5.005139,-81.155556,,,,,,,,,,,,,,,,,,
,-5.006528,-81.154722,,,,,,,,,,,,,,,,,,
,-5.007917,-81.153889,,,,,,,,,,,,,,,,,,
,-5.009861,-81.153056,,,,,,,,,,,,,,,,,,
,-5.017083,-81.148889,,,,,,,,,,,,,,,,,,
,-5.019306,-81.148889,,,,,,,,,,,,,,,,,,
,-5.019583,-81.148056,,,,,,,,,,,,,,,,,,
,-5.019583,-81.148056,,,,,,,,,,,,,,,,,,
,-5.019583,-81.1475,,,,,,,,,,,,,,,,,,
,-5.019583,-81.146667,,,,,,,,,,,,,,,,,,
,-5.017361,-81.164444,,,,,,,,,,,,,,,,,,
,-5.017639,-81.163889,,,,,,,,,,,,,,,,,,
,-5.017639,-81.164167,,,,,,,,,,,,,,,,,,
,-5.017917,-81.163889,,,,,,,,,,,,,,,,,,
,-5.017917,-81.163333,,,,,,,,,,,,,,,,,,
,-5.017639,-81.163056,,,,,,,,,,,,,,,,,,
,-5.00875,-81.159444,,,,,,,,,,,,,,,,,,
,-5.009306,-81.158889,,,,,,,,,,,,,,,,,,
,-5.009306,-81.158889,,,,,,,,,,,,,,,,,,
,-5.009583,-81.158611,,,,,,,,,,,,,,,,,,
,-5.009583,-81.158333,,,,,,,,,,,,,,,,,,
,-5.010417,-81.158056,,,,,,,,,,,,,,,,,,
,-5.011806,-81.1575,,,,,,,,,,,,,,,,,,
,-4.951806,-81.214167,,,,,,,,,,,,,,,,,,
,-4.950972,-81.215278,,,,,,,,,,,,,,,,,,
,-4.952361,-81.214444,,,,,,,,,,,,,,,,,,
,-4.952917,-81.213889,,,,,,,,,,,,,,,,,,
,-4.954028,-81.213056,,,,,,,,,,,,,,,,,,
,-4.955139,-81.212222,,,,,,,,,,,,,,,,,,
,-4.978472,-81.193333,,,,,,,,,,,,,,,,,,
,-4.980139,-81.192222,,,,,,,,,,,,,,,,,,
,-4.981528,-81.191111,,,,,,,,,,,,,,,,,,
,-4.982639,-81.190833,,,,,,,,,,,,,,,,,,
,-4.982917,-81.19,,,,,,,,,,,,,,,,,,
,-4.984028,-81.189722,,,,,,,,,,,,,,,,,,
,-4.985417,-81.189167,,,,,,,,,,,,,,,,,,
,-4.998194,-81.165278,,,,,,,,,,,,,,,,,,
,-4.999306,-81.165278,,,,,,,,,,,,,,,,,,
,-5.000417,-81.165278,,,,,,,,,,,,,,,,,,
,-5.000972,-81.165278,,,,,,,,,,,,,,,,,,
,-5.001528,-81.165,,,,,,,,,,,,,,,,,,
,-5.002639,-81.164167,,,,,,,,,,,,,,,,,,
,-5.006528,-81.143056,,,,,,,,,,,,,,,,,,
,-5.007639,-81.143611,,,,,,,,,,,,,,,,,,
,-5.00875,-81.144167,,,,,,,,,,,,,,,,,,
,-5.010139,-81.144722,,,,,,,,,,,,,,,,,,
,-5.010972,-81.145556,,,,,,,,,,,,,,,,,,
,-5.012361,-81.146389,,,,,,,,,,,,,,,,,,
,-4.992361,-81.173056,,,,,,,,,,,,,,,,,,
,-4.99375,-81.172222,,,,,,,,,,,,,,,,,,
,-4.995139,-81.171667,,,,,,,,,,,,,,,,,,
,-4.995694,-81.171944,,,,,,,,,,,,,,,,,,
,-4.996528,-81.171667,,,,,,,,,,,,,,,,,,
,-4.997083,-81.171111,,,,,,,,,,,,,,,,,,
,-4.980972,-81.1475,,,,,,,,,,,,,,,,,,
,-4.980972,-81.146944,,,,,,,,,,,,,,,,,,
,-4.980417,-81.146389,,,,,,,,,,,,,,,,,,
,-4.980417,-81.146389,,,,,,,,,,,,,,,,,,
,-4.980417,-81.146667,,,,,,,,,,,,,,,,,,
,-4.980139,-81.1475,,,,,,,,,,,,,,,,,,
,-4.980139,-81.147778,,,,,,,,,,,,,,,,,,
,-4.979861,-81.147778,,,,,,,,,,,,,,,,,,
,-5.009028,-81.150833,,,,,,,,,,,,,,,,,,
,-5.009028,-81.150556,,,,,,,,,,,,,,,,,,
,-5.009028,-81.149722,,,,,,,,,,,,,,,,,,
,-5.009583,-81.149167,,,,,,,,,,,,,,,,,,
,-5.010139,-81.148056,,,,,,,,,,,,,,,,,,
,-5.010694,-81.146944,,,,,,,,,,,,,,,,,,
,-5.01125,-81.145833,,,,,,,,,,,,,,,,,,
,-5.011528,-81.144722,,,,,,,,,,,,,,,,,,
,-5.011806,-81.143889,,,,,,,,,,,,,,,,,,
,-5.012361,-81.143056,,,,,,,,,,,,,,,,,,
,-5.012917,-81.1425,,,,,,,,,,,,,,,,,,
,-5.01375,-81.141667,,,,,,,,,,,,,,,,,,
,-5.014306,-81.141111,,,,,,,,,,,,,,,,,,
,-5.014861,-81.140278,,,,,,,,,,,,,,,,,,
,-5.015417,-81.139167,,,,,,,,,,,,,,,,,,
,-5.015972,-81.138333,,,,,,,,,,,,,,,,,,
,-5.016528,-81.1375,,,,,,,,,,,,,,,,,,
,-4.949028,-81.211389,,,,,,,,,,,,,,,,,,
,-4.950139,-81.210278,,,,,,,,,,,,,,,,,,
,-4.95125,-81.208611,,,,,,,,,,,,,,,,,,
,-4.952361,-81.208056,,,,,,,,,,,,,,,,,,
,-4.953472,-81.2075,,,,,,,,,,,,,,,,,,
,-4.954306,-81.206667,,,,,,,,,,,,,,,,,,
,-4.955417,-81.205556,,,,,,,,,,,,,,,,,,
,-5.015139,-81.15,,,,,,,,,,,,,,,,,,
,-5.015417,-81.149444,,,,,,,,,,,,,,,,,,
,-5.015139,-81.148889,,,,,,,,,,,,,,,,,,
,-5.015417,-81.148056,,,,,,,,,,,,,,,,,,
,-5.015694,-81.146389,,,,,,,,,,,,,,,,,,
,-5.015972,-81.144722,,,,,,,,,,,,,,,,,,
,-5.01625,-81.142778,,,,,,,,,,,,,,,,,,
,-5.01625,-81.140833,,,,,,,,,,,,,,,,,,
,-5.016528,-81.138889,,,,,,,,,,,,,,,,,,
,-5.016528,-81.137222,,,,,,,,,,,,,,,,,,
,-5.016528,-81.135556,,,,,,,,,,,,,,,,,,
,-4.992361,-81.173889,,,,,,,,,,,,,,,,,,
,-4.992917,-81.173056,,,,,,,,,,,,,,,,,,
,-4.99375,-81.173056,,,,,,,,,,,,,,,,,,
,-4.994028,-81.172778,,,,,,,,,,,,,,,,,,
,-4.994583,-81.171944,,,,,,,,,,,,,,,,,,
,-4.995139,-81.171111,,,,,,,,,,,,,,,,,,
,-4.995694,-81.17,,,,,,,,,,,,,,,,,,
,-4.967917,-81.201389,,,,,,,,,,,,,,,,,,
,-4.969306,-81.200556,,,,,,,,,,,,,,,,,,
,-4.970694,-81.199722,,,,,,,,,,,,,,,,,,
,-4.971806,-81.198889,,,,,,,,,,,,,,,,,,
,-4.972917,-81.198333,,,,,,,,,,,,,,,,,,
,-4.974028,-81.197778,,,,,,,,,,,,,,,,,,
,-4.974583,-81.196944,,,,,,,,,,,,,,,,,,
,-4.97625,-81.196111,,,,,,,,,,,,,,,,,,
,-5.0059,-81.1451,,,,,,,,,,,,,,,,,,
,-5.0067,-81.1451,,,,,,,,,,,,,,,,,,
,-5.0074,-81.1449,,,,,,,,,,,,,,,,,,
,-5.0081,-81.1449,,,,,,,,,,,,,,,,,,
,-5.0085,-81.1449,,,,,,,,,,,,,,,,,,
,-5.0094,-81.1447,,,,,,,,,,,,,,,,,,
,-5.0097,-81.1444,,,,,,,,,,,,,,,,,,
,-4.9936,-81.1535,,,,,,,,,,,,,,,,,,
,-4.9943,-81.154499,,,,,,,,,,,,,,,,,,
,-4.9946,-81.1555,,,,,,,,,,,,,,,,,,
,-4.9948,-81.1567,,,,,,,,,,,,,,,,,,
,-4.9948,-81.157699,,,,,,,,,,,,,,,,,,
,-4.9946,-81.158399,,,,,,,,,,,,,,,,,,
,-4.9944,-81.158799,,,,,,,,,,,,,,,,,,
,-4.9944,-81.159299,,,,,,,,,,,,,,,,,,
,-4.9947,-81.1589,,,,,,,,,,,,,,,,,,
,-4.9876,-81.185299,,,,,,,,,,,,,,,,,,
,-4.9893,-81.185,,,,,,,,,,,,,,,,,,
,-4.9903,-81.1847,,,,,,,,,,,,,,,,,,
,-4.9907,-81.1843,,,,,,,,,,,,,,,,,,
,-4.9917,-81.1838,,,,,,,,,,,,,,,,,,
,-4.992,-81.1831,,,,,,,,,,,,,,,,,,
,-4.9923,-81.1825,,,,,,,,,,,,,,,,,,
,-4.9702,-81.1782,,,,,,,,,,,,,,,,,,
,-4.9703,-81.177399,,,,,,,,,,,,,,,,,,
,-4.9707,-81.1764,,,,,,,,,,,,,,,,,,
,-4.9711,-81.1755,,,,,,,,,,,,,,,,,,
,-4.9711,-81.1757,,,,,,,,,,,,,,,,,,
,-4.9711,-81.1757,,,,,,,,,,,,,,,,,,
,-4.9711,-81.175599,,,,,,,,,,,,,,,,,,
,-5.0024,-81.162199,,,,,,,,,,,,,,,,,,
,-5.0033,-81.1616,,,,,,,,,,,,,,,,,,
,-5.0038,-81.161299,,,,,,,,,,,,,,,,,,
,-5.0046,-81.161099,,,,,,,,,,,,,,,,,,
,-5.0054,-81.1609,,,,,,,,,,,,,,,,,,
,-5.0064,-81.1608,,,,,,,,,,,,,,,,,,
,-5.0072,-81.1607,,,,,,,,,,,,,,,,,,
,-5.0083,-81.160599,,,,,,,,,,,,,,,,,,
,-5.0107,-81.1531,,,,,,,,,,,,,,,,,,
,-5.012,-81.1524,,,,,,,,,,,,,,,,,,
,-5.0125,-81.1603,,,,,,,,,,,,,,,,,,
,-5.013,-81.159499,,,,,,,,,,,,,,,,,,
,-5.0135,-81.1587,,,,,,,,,,,,,,,,,,
,-5.0139,-81.158099,,,,,,,,,,,,,,,,,,
,-5.0143,-81.158,,,,,,,,,,,,,,,,,,
,-5.0145,-81.158099,,,,,,,,,,,,,,,,,,
,-5.0146,-81.1578,,,,,,,,,,,,,,,,,,
,-5.0144,-81.1578,,,,,,,,,,,,,,,,,,
,-4.9873,-81.1666,,,,,,,,,,,,,,,,,,
,-4.9876,-81.1664,,,,,,,,,,,,,,,,,,
,-4.9878,-81.1662,,,,,,,,,,,,,,,,,,
,-4.9881,-81.1659,,,,,,,,,,,,,,,,,,
,-4.9884,-81.165599,,,,,,,,,,,,,,,,,,
,-4.9889,-81.1652,,,,,,,,,,,,,,,,,,
,-4.9893,-81.1651,,,,,,,,,,,,,,,,,,
,-4.981,-81.1551,,,,,,,,,,,,,,,,,,
,-4.9813,-81.1544,,,,,,,,,,,,,,,,,,
,-4.9814,-81.1539,,,,,,,,,,,,,,,,,,
,-4.9816,-81.153399,,,,,,,,,,,,,,,,,,
,-4.9819,-81.152899,,,,,,,,,,,,,,,,,,
,-4.982,-81.1521,,,,,,,,,,,,,,,,,,
,-4.9782,-81.148599,,,,,,,,,,,,,,,,,,
,-5.005,-81.1591,,,,,,,,,,,,,,,,,,
,-5.0058,-81.158599,,,,,,,,,,,,,,,,,,
,-5.0064,-81.1578,,,,,,,,,,,,,,,,,,
,-5.0069,-81.157199,,,,,,,,,,,,,,,,,,
,-5.007,-81.156999,,,,,,,,,,,,,,,,,,
,-5.0074,-81.156999,,,,,,,,,,,,,,,,,,
,-5.0074,-81.156999,,,,,,,,,,,,,,,,,,
,-5.0075,-81.156999,,,,,,,,,,,,,,,,,,
,-5.0075,-81.156999,,,,,,,,,,,,,,,,,,
,-4.9927,-81.1711,,,,,,,,,,,,,,,,,,
,-4.9954,-81.167899,,,,,,,,,,,,,,,,,,
,-4.9967,-81.1677,,,,,,,,,,,,,,,,,,
,-4.9977,-81.1677,,,,,,,,,,,,,,,,,,
,-4.9982,-81.1675,,,,,,,,,,,,,,,,,,
,-4.999,-81.1673,,,,,,,,,,,,,,,,,,
,-4.9998,-81.1668,,,,,,,,,,,,,,,,,,
,-5.49625,-80.988611,,,,,,,,,,,,,,,,,,
,-5.497083,-80.987778,,,,,,,,,,,,,,,,,,
,-5.498194,-80.986944,,,,,,,,,,,,,,,,,,
,-5.499306,-80.985833,,,,,,,,,,,,,,,,,,
,-5.500694,-80.985,,,,,,,,,,,,,,,,,,
,-5.50125,-80.983889,,,,,,,,,,,,,,,,,,
,-5.502083,-80.982778,,,,,,,,,,,,,,,,,,
,-5.504028,-80.968056,,,,,,,,,,,,,,,,,,
,-5.505417,-80.967222,,,,,,,,,,,,,,,,,,
,-5.506806,-80.966389,,,,,,,,,,,,,,,,,,
,-5.507917,-80.966111,,,,,,,,,,,,,,,,,,
,-5.508194,-80.965556,,,,,,,,,,,,,,,,,,
,-5.509028,-80.965278,,,,,,,,,,,,,,,,,,
,-5.509306,-80.965,,,,,,,,,,,,,,,,,,
,-5.509861,-80.965278,,,,,,,,,,,,,,,,,,
,-5.555972,-81.005833,,,,,,,,,,,,,,,,,,
,-5.557361,-81.004722,,,,,,,,,,,,,,,,,,
,-5.559028,-81.003611,,,,,,,,,,,,,,,,,,
,-5.560694,-81.0025,,,,,,,,,,,,,,,,,,
,-5.562361,-81.001667,,,,,,,,,,,,,,,,,,
,-5.56375,-81.000556,,,,,,,,,,,,,,,,,,
,-5.0137,-81.149099,,,,,,,,,,,,,,,,,,
,-5.0141,-81.147299,,,,,,,,,,,,,,,,,,
,-5.0145,-81.1456,,,,,,,,,,,,,,,,,,
,-5.0147,-81.144099,,,,,,,,,,,,,,,,,,
,-5.0147,-81.1435,,,,,,,,,,,,,,,,,,
,-5.0148,-81.1431,,,,,,,,,,,,,,,,,,
,-5.0147,-81.1428,,,,,,,,,,,,,,,,,,
,-5.0148,-81.142499,,,,,,,,,,,,,,,,,,
,-5.0149,-81.1422,,,,,,,,,,,,,,,,,,
,-5.015,-81.1421,,,,,,,,,,,,,,,,,,
,-5.0149,-81.141599,,,,,,,,,,,,,,,,,,
,-5.0005,-81.179899,,,,,,,,,,,,,,,,,,
,-5.0012,-81.178299,,,,,,,,,,,,,,,,,,
,-5.0021,-81.176499,,,,,,,,,,,,,,,,,,
,-5.0031,-81.174899,,,,,,,,,,,,,,,,,,
,-5.0041,-81.1734,,,,,,,,,,,,,,,,,,
,-5.0052,-81.1718,,,,,,,,,,,,,,,,,,
,-5.0064,-81.1703,,,,,,,,,,,,,,,,,,
,-5.0078,-81.169199,,,,,,,,,,,,,,,,,,
,-5.009,-81.1678,,,,,,,,,,,,,,,,,,
,-4.9955,-81.1644,,,,,,,,,,,,,,,,,,
,-4.9965,-81.1644,,,,,,,,,,,,,,,,,,
,-4.9976,-81.163999,,,,,,,,,,,,,,,,,,
,-4.9986,-81.163599,,,,,,,,,,,,,,,,,,
,-4.9996,-81.1632,,,,,,,,,,,,,,,,,,
,-5.0005,-81.1626,,,,,,,,,,,,,,,,,,
,-5.0016,-81.162399,,,,,,,,,,,,,,,,,,
,-5.0029,-81.161999,,,,,,,,,,,,,,,,,,
,-5.0042,-81.1617,,,,,,,,,,,,,,,,,,
,-5.0056,-81.1616,,,,,,,,,,,,,,,,,,
,-5.0068,-81.161099,,,,,,,,,,,,,,,,,,
,-5.008,-81.160599,,,,,,,,,,,,,,,,,,
,-5.0091,-81.1601,,,,,,,,,,,,,,,,,,
,-5.0099,-81.159699,,,,,,,,,,,,,,,,,,
,-4.9688,-81.1662,,,,,,,,,,,,,,,,,,
,-4.9693,-81.1648,,,,,,,,,,,,,,,,,,
,-4.9699,-81.163599,,,,,,,,,,,,,,,,,,
,-4.9699,-81.1634,,,,,,,,,,,,,,,,,,
,-4.97,-81.1635,,,,,,,,,,,,,,,,,,
,-4.9698,-81.163599,,,,,,,,,,,,,,,,,,
,-4.9699,-81.1635,,,,,,,,,,,,,,,,,,
,-4.97,-81.163599,,,,,,,,,,,,,,,,,,
,-4.9701,-81.163099,,,,,,,,,,,,,,,,,,
,-4.9922,-81.1644,,,,,,,,,,,,,,,,,,
,-4.9936,-81.163999,,,,,,,,,,,,,,,,,,
,-4.9951,-81.163299,,,,,,,,,,,,,,,,,,
,-4.9966,-81.162399,,,,,,,,,,,,,,,,,,
,-4.9982,-81.1617,,,,,,,,,,,,,,,,,,
,-4.9998,-81.161099,,,,,,,,,,,,,,,,,,
,-5.0015,-81.160599,,,,,,,,,,,,,,,,,,
,-5.0032,-81.1601,,,,,,,,,,,,,,,,,,
,-5.0051,-81.159699,,,,,,,,,,,,,,,,,,
,-5.0069,-81.159299,,,,,,,,,,,,,,,,,,
,-5.0085,-81.1592,,,,,,,,,,,,,,,,,,
,-5.003,-81.145699,,,,,,,,,,,,,,,,,,
,-5.0036,-81.146,,,,,,,,,,,,,,,,,,
,-5.0042,-81.1462,,,,,,,,,,,,,,,,,,
,-5.0049,-81.146599,,,,,,,,,,,,,,,,,,
,-5.0056,-81.146599,,,,,,,,,,,,,,,,,,
,-5.0064,-81.1464,,,,,,,,,,,,,,,,,,
,-5.0075,-81.1462,,,,,,,,,,,,,,,,,,
,-5.0082,-81.145899,,,,,,,,,,,,,,,,,,
,-4.9895,-81.1571,,,,,,,,,,,,,,,,,,
,-4.9897,-81.157899,,,,,,,,,,,,,,,,,,
,-4.9899,-81.158399,,,,,,,,,,,,,,,,,,
,-4.99,-81.1587,,,,,,,,,,,,,,,,,,
,-4.9901,-81.158799,,,,,,,,,,,,,,,,,,
,-4.9905,-81.1589,,,,,,,,,,,,,,,,,,
,-4.9914,-81.1583,,,,,,,,,,,,,,,,,,
,-4.9697,-81.1719,,,,,,,,,,,,,,,,,,
,-4.97,-81.170799,,,,,,,,,,,,,,,,,,
,-4.9703,-81.1696,,,,,,,,,,,,,,,,,,
,-4.9706,-81.1686,,,,,,,,,,,,,,,,,,
,-4.9707,-81.1685,,,,,,,,,,,,,,,,,,
,-4.9706,-81.1684,,,,,,,,,,,,,,,,,,
,-4.9707,-81.168299,,,,,,,,,,,,,,,,,,
,-4.9708,-81.168299,,,,,,,,,,,,,,,,,,
,-4.9708,-81.1682,,,,,,,,,,,,,,,,,,
,-4.9835,-81.1644,,,,,,,,,,,,,,,,,,
,-4.9839,-81.1639,,,,,,,,,,,,,,,,,,
,-4.9843,-81.163799,,,,,,,,,,,,,,,,,,
,-4.9845,-81.163999,,,,,,,,,,,,,,,,,,
,-4.9844,-81.1643,,,,,,,,,,,,,,,,,,
,-4.9843,-81.1644,,,,,,,,,,,,,,,,,,
,-4.9841,-81.1646,,,,,,,,,,,,,,,,,,
,-4.9836,-81.164499,,,,,,,,,,,,,,,,,,
,-5.0111,-81.155399,,,,,,,,,,,,,,,,,,
,-5.015,-81.1642,,,,,,,,,,,,,,,,,,
,-5.0154,-81.163599,,,,,,,,,,,,,,,,,,
,-5.0158,-81.162699,,,,,,,,,,,,,,,,,,
,-5.016,-81.1621,,,,,,,,,,,,,,,,,,
,-5.0162,-81.1623,,,,,,,,,,,,,,,,,,
,-5.0163,-81.161999,,,,,,,,,,,,,,,,,,
,-5.0166,-81.1619,,,,,,,,,,,,,,,,,,
,-5.0166,-81.1614,,,,,,,,,,,,,,,,,,
,-4.9542,-81.2045,,,,,,,,,,,,,,,,,,
,-4.9556,-81.2036,,,,,,,,,,,,,,,,,,
,-4.9567,-81.2027,,,,,,,,,,,,,,,,,,
,-4.9573,-81.2024,,,,,,,,,,,,,,,,,,
,-4.958,-81.201799,,,,,,,,,,,,,,,,,,
,-4.9588,-81.201199,,,,,,,,,,,,,,,,,,
,-4.9595,-81.2006,,,,,,,,,,,,,,,,,,
,-4.9601,-81.1999,,,,,,,,,,,,,,,,,,
,-4.9612,-81.1994,,,,,,,,,,,,,,,,,,
,-4.9833,-81.185,,,,,,,,,,,,,,,,,,
,-4.9848,-81.1841,,,,,,,,,,,,,,,,,,
,-4.9866,-81.1836,,,,,,,,,,,,,,,,,,
,-4.9881,-81.1836,,,,,,,,,,,,,,,,,,
,-4.9891,-81.183299,,,,,,,,,,,,,,,,,,
,-4.9894,-81.182799,,,,,,,,,,,,,,,,,,
,-4.9904,-81.1822,,,,,,,,,,,,,,,,,,
,-4.9909,-81.1816,,,,,,,,,,,,,,,,,,
,-5.0059,-81.150899,,,,,,,,,,,,,,,,,,
,-5.0069,-81.1512,,,,,,,,,,,,,,,,,,
,-5.0077,-81.1514,,,,,,,,,,,,,,,,,,
,-5.0083,-81.1515,,,,,,,,,,,,,,,,,,
,-5.0085,-81.151299,,,,,,,,,,,,,,,,,,
,-5.009,-81.151099,,,,,,,,,,,,,,,,,,
,-5.009,-81.1508,,,,,,,,,,,,,,,,,,
,-5.504861,-80.97,,,,,,,,,,,,,,,,,,
,-5.505694,-80.969167,,,,,,,,,,,,,,,,,,
,-5.50625,-80.968056,,,,,,,,,,,,,,,,,,
,-5.507083,-80.9675,,,,,,,,,,,,,,,,,,
,-5.507361,-80.967222,,,,,,,,,,,,,,,,,,
,-5.507639,-80.967222,,,,,,,,,,,,,,,,,,
,-5.64375,-81.0175,,,,,,,,,,,,,,,,,,
,-5.644583,-81.016667,,,,,,,,,,,,,,,,,,
,-5.645694,-81.015833,,,,,,,,,,,,,,,,,,
,-5.651528,-81.016389,,,,,,,,,,,,,,,,,,
,-5.652361,-81.014722,,,,,,,,,,,,,,,,,,
,-5.653472,-81.014167,,,,,,,,,,,,,,,,,,
,-5.654306,-81.013056,,,,,,,,,,,,,,,,,,
,-5.655139,-81.012222,,,,,,,,,,,,,,,,,,
,-5.655972,-81.011389,,,,,,,,,,,,,,,,,,
,-5.656528,-81.010556,,,,,,,,,,,,,,,,,,
,-5.657361,-81.01,,,,,,,,,,,,,,,,,,
,-5.658194,-81.009167,,,,,,,,,,,,,,,,,,
,-5.659306,-81.008333,,,,,,,,,,,,,,,,,,
,-5.660417,-81.007222,,,,,,,,,,,,,,,,,,
,-5.661806,-81.006389,,,,,,,,,,,,,,,,,,
,-5.663194,-81.005556,,,,,,,,,,,,,,,,,,
,-5.664583,-81.004722,,,,,,,,,,,,,,,,,,
,-5.665972,-81.003611,,,,,,,,,,,,,,,,,,
,-5.541528,-81.028611,,,,,,,,,,,,,,,,,,
,-5.543194,-81.0275,,,,,,,,,,,,,,,,,,
,-5.543472,-81.025833,,,,,,,,,,,,,,,,,,
,-5.545417,-81.024444,,,,,,,,,,,,,,,,,,
,-5.547083,-81.023333,,,,,,,,,,,,,,,,,,
,-5.546806,-81.020278,,,,,,,,,,,,,,,,,,
,-5.548472,-81.018889,,,,,,,,,,,,,,,,,,
,-5.550139,-81.017778,,,,,,,,,,,,,,,,,,
,-5.552361,-81.015833,,,,,,,,,,,,,,,,,,
,-5.57625,-81.001667,,,,,,,,,,,,,,,,,,
,-5.577917,-81.000833,,,,,,,,,,,,,,,,,,
,-5.579306,-80.999722,,,,,,,,,,,,,,,,,,
,-5.58125,-80.998611,,,,,,,,,,,,,,,,,,
,-5.582639,-80.997222,,,,,,,,,,,,,,,,,,
,-5.584306,-80.996111,,,,,,,,,,,,,,,,,,
,-5.585694,-80.995833,,,,,,,,,,,,,,,,,,
,-5.586528,-80.995278,,,,,,,,,,,,,,,,,,
,-5.587083,-80.995278,,,,,,,,,,,,,,,,,,
,-5.588194,-80.995278,,,,,,,,,,,,,,,,,,
,-5.592083,-80.993889,,,,,,,,,,,,,,,,,,
,-5.014028,-81.153333,,,,,,,,,,,,,,,,,,
,-5.014306,-81.1525,,,,,,,,,,,,,,,,,,
,-5.01375,-81.1525,,,,,,,,,,,,,,,,,,
,-5.01375,-81.152778,,,,,,,,,,,,,,,,,,
,-5.013472,-81.153333,,,,,,,,,,,,,,,,,,
,-5.013194,-81.153611,,,,,,,,,,,,,,,,,,
,-5.013194,-81.153889,,,,,,,,,,,,,,,,,,
,-5.012917,-81.154167,,,,,,,,,,,,,,,,,,
,-4.966528,-81.165833,,,,,,,,,,,,,,,,,,
,-4.966806,-81.164167,,,,,,,,,,,,,,,,,,
,-4.966528,-81.164167,,,,,,,,,,,,,,,,,,
,-4.966528,-81.163889,,,,,,,,,,,,,,,,,,
,-4.966528,-81.163889,,,,,,,,,,,,,,,,,,
,-4.966806,-81.163611,,,,,,,,,,,,,,,,,,
,-4.978472,-81.168889,,,,,,,,,,,,,,,,,,
,-4.979028,-81.168333,,,,,,,,,,,,,,,,,,
,-4.979306,-81.168333,,,,,,,,,,,,,,,,,,
,-4.979583,-81.168333,,,,,,,,,,,,,,,,,,
,-4.979306,-81.168333,,,,,,,,,,,,,,,,,,
,-4.979583,-81.168333,,,,,,,,,,,,,,,,,,
,-4.979028,-81.168056,,,,,,,,,,,,,,,,,,
,-4.989306,-81.170833,,,,,,,,,,,,,,,,,,
,-4.990417,-81.170278,,,,,,,,,,,,,,,,,,
,-4.991528,-81.169722,,,,,,,,,,,,,,,,,,
,-4.992361,-81.169167,,,,,,,,,,,,,,,,,,
,-4.993472,-81.168889,,,,,,,,,,,,,,,,,,
,-4.994583,-81.168333,,,,,,,,,,,,,,,,,,
,-4.995694,-81.167778,,,,,,,,,,,,,,,,,,
,-4.996806,-81.167222,,,,,,,,,,,,,,,,,,
,-4.998194,-81.166667,,,,,,,,,,,,,,,,,,
,-4.999583,-81.165556,,,,,,,,,,,,,,,,,,
,-5.004306,-81.165556,,,,,,,,,,,,,,,,,,
,-5.535139,-80.960278,,,,,,,,,,,,,,,,,,
,-5.535972,-80.959444,,,,,,,,,,,,,,,,,,
,-5.537083,-80.958611,,,,,,,,,,,,,,,,,,
,-5.537639,-80.958056,,,,,,,,,,,,,,,,,,
,-5.537917,-80.958056,,,,,,,,,,,,,,,,,,
,-5.538194,-80.9575,,,,,,,,,,,,,,,,,,
,-5.602083,-80.941111,,,,,,,,,,,,,,,,,,
,-5.603194,-80.940278,,,,,,,,,,,,,,,,,,
,-5.604306,-80.939444,,,,,,,,,,,,,,,,,,
,-5.605694,-80.938333,,,,,,,,,,,,,,,,,,
,-5.607083,-80.9375,,,,,,,,,,,,,,,,,,
,-5.608472,-80.936667,,,,,,,,,,,,,,,,,,
,-5.507639,-80.968889,,,,,,,,,,,,,,,,,,
,-5.508194,-80.968056,,,,,,,,,,,,,,,,,,
,-5.50875,-80.966944,,,,,,,,,,,,,,,,,,
,-5.509583,-80.966389,,,,,,,,,,,,,,,,,,
,-5.510139,-80.965833,,,,,,,,,,,,,,,,,,
,-5.510139,-80.965833,,,,,,,,,,,,,,,,,,
,-5.510694,-80.965556,,,,,,,,,,,,,,,,,,
,-5.510972,-80.965556,,,,,,,,,,,,,,,,,,
,-5.511806,-80.965556,,,,,,,,,,,,,,,,,,
,-5.606528,-81.015278,,,,,,,,,,,,,,,,,,
,-5.606806,-81.014722,,,,,,,,,,,,,,,,,,
,-5.607361,-81.014167,,,,,,,,,,,,,,,,,,
,-5.608194,-81.013611,,,,,,,,,,,,,,,,,,
,-5.609028,-81.013056,,,,,,,,,,,,,,,,,,
,-5.609861,-81.0125,,,,,,,,,,,,,,,,,,
,-5.610694,-81.011944,,,,,,,,,,,,,,,,,,
,-5.61125,-81.011111,,,,,,,,,,,,,,,,,,
,-5.611806,-81.010556,,,,,,,,,,,,,,,,,,
,-5.612639,-81.010278,,,,,,,,,,,,,,,,,,
,-5.613194,-81.009722,,,,,,,,,,,,,,,,,,
,-5.614028,-81.009167,,,,,,,,,,,,,,,,,,
,-5.614861,-81.008611,,,,,,,,,,,,,,,,,,
,-5.615694,-81.008056,,,,,,,,,,,,,,,,,,
,-5.616806,-81.007222,,,,,,,,,,,,,,,,,,
,-5.617361,-81.006667,,,,,,,,,,,,,,,,,,
,-5.604861,-81.016667,,,,,,,,,,,,,,,,,,
,-5.605972,-81.016111,,,,,,,,,,,,,,,,,,
,-5.607361,-81.015556,,,,,,,,,,,,,,,,,,
,-5.608472,-81.014722,,,,,,,,,,,,,,,,,,
,-5.609583,-81.014167,,,,,,,,,,,,,,,,,,
,-5.610972,-81.013333,,,,,,,,,,,,,,,,,,
,-5.612361,-81.0125,,,,,,,,,,,,,,,,,,
,-5.61375,-81.011667,,,,,,,,,,,,,,,,,,
,-5.615139,-81.010833,,,,,,,,,,,,,,,,,,
,-5.616806,-81.009722,,,,,,,,,,,,,,,,,,
,-5.497361,-80.9875,,,,,,,,,,,,,,,,,,
,-5.49625,-80.988333,,,,,,,,,,,,,,,,,,
,-5.497083,-80.9875,,,,,,,,,,,,,,,,,,
,-5.498194,-80.986667,,,,,,,,,,,,,,,,,,
,-5.499583,-80.985833,,,,,,,,,,,,,,,,,,
,-5.500417,-80.985,,,,,,,,,,,,,,,,,,
,-5.50125,-80.984167,,,,,,,,,,,,,,,,,,
,-5.501806,-80.983333,,,,,,,,,,,,,,,,,,
,-5.502639,-80.9825,,,,,,,,,,,,,,,,,,
,-5.502917,-80.982222,,,,,,,,,,,,,,,,,,
,-5.503472,-80.981944,,,,,,,,,,,,,,,,,,
,-5.50375,-80.981389,,,,,,,,,,,,,,,,,,
,-5.504028,-80.981667,,,,,,,,,,,,,,,,,,
,-5.586528,-81.068333,,,,,,,,,,,,,,,,,,
,-5.587917,-81.067778,,,,,,,,,,,,,,,,,,
,-5.589028,-81.067222,,,,,,,,,,,,,,,,,,
,-5.590139,-81.066944,,,,,,,,,,,,,,,,,,
,-5.590972,-81.066389,,,,,,,,,,,,,,,,,,
,-5.592083,-81.066111,,,,,,,,,,,,,,,,,,
,-5.593194,-81.065556,,,,,,,,,,,,,,,,,,
,-5.560694,-81.039722,,,,,,,,,,,,,,,,,,
,-5.562361,-81.038333,,,,,,,,,,,,,,,,,,
,-5.564028,-81.036667,,,,,,,,,,,,,,,,,,
,-5.565972,-81.035278,,,,,,,,,,,,,,,,,,
,-5.567639,-81.033611,,,,,,,,,,,,,,,,,,
,-5.569306,-81.031944,,,,,,,,,,,,,,,,,,
,-5.57125,-81.030556,,,,,,,,,,,,,,,,,,
,-5.580417,-81.001111,,,,,,,,,,,,,,,,,,
,-5.582083,-81,,,,,,,,,,,,,,,,,,
,-5.584028,-80.999167,,,,,,,,,,,,,,,,,,
,-5.585139,-80.998611,,,,,,,,,,,,,,,,,,
,-5.585694,-80.998611,,,,,,,,,,,,,,,,,,
,-5.58625,-80.998333,,,,,,,,,,,,,,,,,,
,-5.586806,-80.998333,,,,,,,,,,,,,,,,,,
,-5.587361,-80.9975,,,,,,,,,,,,,,,,,,
,-5.002639,-81.143056,,,,,,,,,,,,,,,,,,
,-5.00375,-81.143611,,,,,,,,,,,,,,,,,,
,-5.004861,-81.143333,,,,,,,,,,,,,,,,,,
,-5.005972,-81.143333,,,,,,,,,,,,,,,,,,
,-5.007083,-81.143333,,,,,,,,,,,,,,,,,,
,-5.007917,-81.143333,,,,,,,,,,,,,,,,,,
,-5.009028,-81.143056,,,,,,,,,,,,,,,,,,
,-5.009583,-81.143333,,,,,,,,,,,,,,,,,,
,-4.966806,-81.166111,,,,,,,,,,,,,,,,,,
,-4.966806,-81.165278,,,,,,,,,,,,,,,,,,
,-4.967361,-81.164444,,,,,,,,,,,,,,,,,,
,-4.967917,-81.164167,,,,,,,,,,,,,,,,,,
,-4.96875,-81.163333,,,,,,,,,,,,,,,,,,
,-4.969583,-81.162778,,,,,,,,,,,,,,,,,,
,-4.970694,-81.162222,,,,,,,,,,,,,,,,,,
,-4.989306,-81.151944,,,,,,,,,,,,,,,,,,
,-4.989583,-81.152778,,,,,,,,,,,,,,,,,,
,-4.989861,-81.153889,,,,,,,,,,,,,,,,,,
,-4.990139,-81.153889,,,,,,,,,,,,,,,,,,
,-4.990694,-81.154444,,,,,,,,,,,,,,,,,,
,-4.990972,-81.154722,,,,,,,,,,,,,,,,,,
,-4.992083,-81.155,,,,,,,,,,,,,,,,,,
,-4.992083,-81.155556,,,,,,,,,,,,,,,,,,
,-5.01375,-81.149444,,,,,,,,,,,,,,,,,,
,-5.014028,-81.15,,,,,,,,,,,,,,,,,,
,-5.013194,-81.15,,,,,,,,,,,,,,,,,,
,-5.012361,-81.150278,,,,,,,,,,,,,,,,,,
,-5.011528,-81.150556,,,,,,,,,,,,,,,,,,
,-5.010417,-81.150833,,,,,,,,,,,,,,,,,,
,-5.008472,-81.151111,,,,,,,,,,,,,,,,,,
,-5.004583,-81.154167,,,,,,,,,,,,,,,,,,
,-5.004028,-81.154167,,,,,,,,,,,,,,,,,,
,-5.003472,-81.154444,,,,,,,,,,,,,,,,,,
,-5.002639,-81.154444,,,,,,,,,,,,,,,,,,
,-5.001806,-81.154444,,,,,,,,,,,,,,,,,,
,-5.00125,-81.154722,,,,,,,,,,,,,,,,,,
,-5.000417,-81.155,,,,,,,,,,,,,,,,,,
,-4.999583,-81.155556,,,,,,,,,,,,,,,,,,
,-4.972917,-81.180556,,,,,,,,,,,,,,,,,,
,-4.97375,-81.18,,,,,,,,,,,,,,,,,,
,-4.974306,-81.179167,,,,,,,,,,,,,,,,,,
,-4.974583,-81.178889,,,,,,,,,,,,,,,,,,
,-4.974861,-81.179167,,,,,,,,,,,,,,,,,,
,-4.974583,-81.179444,,,,,,,,,,,,,,,,,,
,-4.974583,-81.179444,,,,,,,,,,,,,,,,,,
,-4.974028,-81.179167,,,,,,,,,,,,,,,,,,
,-4.981806,-81.167778,,,,,,,,,,,,,,,,,,
,-4.982639,-81.1675,,,,,,,,,,,,,,,,,,
,-4.983194,-81.166944,,,,,,,,,,,,,,,,,,
,-4.982917,-81.166944,,,,,,,,,,,,,,,,,,
,-4.983194,-81.167222,,,,,,,,,,,,,,,,,,
,-4.983194,-81.1675,,,,,,,,,,,,,,,,,,
,-4.982917,-81.167778,,,,,,,,,,,,,,,,,,
,-4.982361,-81.1675,,,,,,,,,,,,,,,,,,
,-4.992917,-81.165556,,,,,,,,,,,,,,,,,,
,-4.994028,-81.165556,,,,,,,,,,,,,,,,,,
,-4.995139,-81.165833,,,,,,,,,,,,,,,,,,
,-4.99625,-81.165556,,,,,,,,,,,,,,,,,,
,-4.997361,-81.165556,,,,,,,,,,,,,,,,,,
,-4.998472,-81.165833,,,,,,,,,,,,,,,,,,
,-4.999583,-81.165556,,,,,,,,,,,,,,,,,,
,-4.999306,-81.161944,,,,,,,,,,,,,,,,,,
,-5.000694,-81.161667,,,,,,,,,,,,,,,,,,
,-5.000972,-81.157222,,,,,,,,,,,,,,,,,,
,-5.002361,-81.157222,,,,,,,,,,,,,,,,,,
,-5.004028,-81.157222,,,,,,,,,,,,,,,,,,
,-5.003194,-81.149722,,,,,,,,,,,,,,,,,,
,-5.004583,-81.149444,,,,,,,,,,,,,,,,,,
,-5.006528,-81.149167,,,,,,,,,,,,,,,,,,
