time,latitude,longitude,depth,magType,nst,gap,dmin,rms,net,id,updated,place,type,horizontalError,depthError,magError,magNst,status,locationSource,magSource
,-4.9978,-81.2121,,,,,,,,,,,,,,,,,,
,-4.9992,-81.211999,,,,,,,,,,,,,,,,,,
,-5.0003,-81.211999,,,,,,,,,,,,,,,,,,
,-5.0004,-81.2121,,,,,,,,,,,,,,,,,,
,-5.0005,-81.211999,,,,,,,,,,,,,,,,,,
,-5.0009,-81.2121,,,,,,,,,,,,,,,,,,
,-5.0009,-81.211999,,,,,,,,,,,,,,,,,,
,-5.016,-81.1949,,,,,,,,,,,,,,,,,,
,-5.0173,-81.195299,,,,,,,,,,,,,,,,,,
,-5.0184,-81.1958,,,,,,,,,,,,,,,,,,
,-5.0188,-81.196199,,,,,,,,,,,,,,,,,,
,-5.0189,-81.196599,,,,,,,,,,,,,,,,,,
,-5.0191,-81.1969,,,,,,,,,,,,,,,,,,
,-5.0193,-81.1968,,,,,,,,,,,,,,,,,,
,-5.0095,-81.2065,,,,,,,,,,,,,,,,,,
,-5.0111,-81.2062,,,,,,,,,,,,,,,,,,
,-5.012,-81.206,,,,,,,,,,,,,,,,,,
,-5.0126,-81.205899,,,,,,,,,,,,,,,,,,
,-5.014,-81.205499,,,,,,,,,,,,,,,,,,
,-5.0149,-81.2053,,,,,,,,,,,,,,,,,,
,-5.0151,-81.205499,,,,,,,,,,,,,,,,,,
,-5.0155,-81.205899,,,,,,,,,,,,,,,,,,
,-5.0159,-81.2062,,,,,,,,,,,,,,,,,,
,-5.0162,-81.2065,,,,,,,,,,,,,,,,,,
,-5.0162,-81.2065,,,,,,,,,,,,,,,,,,
,-4.9957,-81.1295,,,,,,,,,,,,,,,,,,
,-4.9986,-81.1302,,,,,,,,,,,,,,,,,,
,-5.0014,-81.130999,,,,,,,,,,,,,,,,,,
,-5.0043,-81.131899,,,,,,,,,,,,,,,,,,
,-5.0073,-81.132799,,,,,,,,,,,,,,,,,,
,-5.0095,-81.1336,,,,,,,,,,,,,,,,,,
,-5.011,-81.1347,,,,,,,,,,,,,,,,,,
,-5.0124,-81.1358,,,,,,,,,,,,,,,,,,
,-5.0135,-81.1367,,,,,,,,,,,,,,,,,,
,-5.0147,-81.1378,,,,,,,,,,,,,,,,,,
,-5.0159,-81.1388,,,,,,,,,,,,,,,,,,
,-5.0167,-81.139099,,,,,,,,,,,,,,,,,,
,-4.999306,-81.209167,,,,,,,,,,,,,,,,,,
,-5.000694,-81.209444,,,,,,,,,,,,,,,,,,
,-5.002639,-81.209444,,,,,,,,,,,,,,,,,,
,-5.00375,-81.209444,,,,,,,,,,,,,,,,,,
,-5.004028,-81.209444,,,,,,,,,,,,,,,,,,
,-5.004028,-81.209444,,,,,,,,,,,,,,,,,,
,-5.004583,-81.209444,,,,,,,,,,,,,,,,,,
,-5.004583,-81.209444,,,,,,,,,,,,,,,,,,
,-5.01125,-81.190833,,,,,,,,,,,,,,,,,,
,-5.012083,-81.191667,,,,,,,,,,,,,,,,,,
,-5.012917,-81.191944,,,,,,,,,,,,,,,,,,
,-5.012917,-81.1925,,,,,,,,,,,,,,,,,,
,-5.012917,-81.192778,,,,,,,,,,,,,,,,,,
,-5.013194,-81.193056,,,,,,,,,,,,,,,,,,
,-5.013194,-81.193333,,,,,,,,,,,,,,,,,,
,-5.037361,-81.218056,,,,,,,,,,,,,,,,,,
,-5.03875,-81.218611,,,,,,,,,,,,,,,,,,
,-5.040417,-81.219167,,,,,,,,,,,,,,,,,,
,-5.042083,-81.220278,,,,,,,,,,,,,,,,,,
,-5.04375,-81.221111,,,,,,,,,,,,,,,,,,
,-5.045139,-81.221667,,,,,,,,,,,,,,,,,,
,-5.046806,-81.2225,,,,,,,,,,,,,,,,,,
,-4.980139,-81.185556,,,,,,,,,,,,,,,,,,
,-4.979028,-81.183611,,,,,,,,,,,,,,,,,,
,-4.977917,-81.182222,,,,,,,,,,,,,,,,,,
,-4.977083,-81.181944,,,,,,,,,,,,,,,,,,
,-4.975972,-81.182222,,,,,,,,,,,,,,,,,,
,-4.975417,-81.182222,,,,,,,,,,,,,,,,,,
,-4.974583,-81.1825,,,,,,,,,,,,,,,,,,
,-4.974028,-81.182222,,,,,,,,,,,,,,,,,,
,-4.982361,-81.168056,,,,,,,,,,,,,,,,,,
,-4.982639,-81.166944,,,,,,,,,,,,,,,,,,
,-4.982639,-81.166111,,,,,,,,,,,,,,,,,,
,-4.982361,-81.166667,,,,,,,,,,,,,,,,,,
,-4.981806,-81.166944,,,,,,,,,,,,,,,,,,
,-4.981528,-81.167222,,,,,,,,,,,,,,,,,,
,-4.98125,-81.167222,,,,,,,,,,,,,,,,,,
,-4.958472,-81.218611,,,,,,,,,,,,,,,,,,
,-4.959028,-81.218611,,,,,,,,,,,,,,,,,,
,-4.959583,-81.218889,,,,,,,,,,,,,,,,,,
,-4.959861,-81.218889,,,,,,,,,,,,,,,,,,
,-4.959861,-81.218889,,,,,,,,,,,,,,,,,,
,-4.959861,-81.218611,,,,,,,,,,,,,,,,,,
,-4.960139,-81.218611,,,,,,,,,,,,,,,,,,
,-4.960139,-81.217778,,,,,,,,,,,,,,,,,,
,-4.981528,-81.145833,,,,,,,,,,,,,,,,,,
,-4.982361,-81.145833,,,,,,,,,,,,,,,,,,
,-4.981806,-81.143889,,,,,,,,,,,,,,,,,,
,-4.982361,-81.144167,,,,,,,,,,,,,,,,,,
,-4.982639,-81.144444,,,,,,,,,,,,,,,,,,
,-4.982639,-81.144444,,,,,,,,,,,,,,,,,,
,-4.982917,-81.144444,,,,,,,,,,,,,,,,,,
,-4.983472,-81.144444,,,,,,,,,,,,,,,,,,
,-4.963472,-81.175278,,,,,,,,,,,,,,,,,,
,-4.962917,-81.175278,,,,,,,,,,,,,,,,,,
,-4.960694,-81.174722,,,,,,,,,,,,,,,,,,
,-4.960417,-81.174444,,,,,,,,,,,,,,,,,,
,-4.960417,-81.174167,,,,,,,,,,,,,,,,,,
,-4.960417,-81.174167,,,,,,,,,,,,,,,,,,
,-4.960417,-81.174167,,,,,,,,,,,,,,,,,,
,-4.960417,-81.174167,,,,,,,,,,,,,,,,,,
,-4.960417,-81.174167,,,,,,,,,,,,,,,,,,
,-4.960417,-81.174167,,,,,,,,,,,,,,,,,,
,-4.960139,-81.174167,,,,,,,,,,,,,,,,,,
,-4.959583,-81.174167,,,,,,,,,,,,,,,,,,
,-4.959028,-81.174167,,,,,,,,,,,,,,,,,,
,-4.958472,-81.174444,,,,,,,,,,,,,,,,,,
,-4.957639,-81.174444,,,,,,,,,,,,,,,,,,
,-4.956806,-81.174444,,,,,,,,,,,,,,,,,,
,-4.95625,-81.174444,,,,,,,,,,,,,,,,,,
,-4.955694,-81.174444,,,,,,,,,,,,,,,,,,
,-4.977083,-81.1675,,,,,,,,,,,,,,,,,,
,-4.977083,-81.167778,,,,,,,,,,,,,,,,,,
,-4.977083,-81.167778,,,,,,,,,,,,,,,,,,
,-4.977083,-81.168056,,,,,,,,,,,,,,,,,,
,-4.977361,-81.168056,,,,,,,,,,,,,,,,,,
,-4.977361,-81.168333,,,,,,,,,,,,,,,,,,
,-5.007083,-81.157778,,,,,,,,,,,,,,,,,,
,-5.007361,-81.158333,,,,,,,,,,,,,,,,,,
,-5.007917,-81.158889,,,,,,,,,,,,,,,,,,
,-5.008194,-81.159444,,,,,,,,,,,,,,,,,,
,-5.008472,-81.16,,,,,,,,,,,,,,,,,,
,-5.00875,-81.160556,,,,,,,,,,,,,,,,,,
,-5.009028,-81.161111,,,,,,,,,,,,,,,,,,
,-5.009306,-81.161667,,,,,,,,,,,,,,,,,,
,-5.009583,-81.162222,,,,,,,,,,,,,,,,,,
,-5.010139,-81.162778,,,,,,,,,,,,,,,,,,
,-5.566806,-81.028889,,,,,,,,,,,,,,,,,,
,-5.570972,-81.028333,,,,,,,,,,,,,,,,,,
,-5.572361,-81.027222,,,,,,,,,,,,,,,,,,
,-5.57375,-81.026667,,,,,,,,,,,,,,,,,,
,-5.574306,-81.026111,,,,,,,,,,,,,,,,,,
,-5.574583,-81.025833,,,,,,,,,,,,,,,,,,
,-5.575139,-81.025,,,,,,,,,,,,,,,,,,
,-5.575694,-81.024722,,,,,,,,,,,,,,,,,,
,-5.57625,-81.023611,,,,,,,,,,,,,,,,,,
,-4.99125,-81.186944,,,,,,,,,,,,,,,,,,
,-4.989861,-81.185833,,,,,,,,,,,,,,,,,,
,-4.98875,-81.185556,,,,,,,,,,,,,,,,,,
,-4.987917,-81.185278,,,,,,,,,,,,,,,,,,
,-4.987361,-81.185556,,,,,,,,,,,,,,,,,,
,-4.986806,-81.185278,,,,,,,,,,,,,,,,,,
,-4.984028,-81.167778,,,,,,,,,,,,,,,,,,
,-4.984306,-81.166944,,,,,,,,,,,,,,,,,,
,-4.984306,-81.166389,,,,,,,,,,,,,,,,,,
,-4.984028,-81.166944,,,,,,,,,,,,,,,,,,
,-4.983472,-81.167222,,,,,,,,,,,,,,,,,,
,-4.983472,-81.167778,,,,,,,,,,,,,,,,,,
,-4.983194,-81.168056,,,,,,,,,,,,,,,,,,
,-4.983194,-81.168333,,,,,,,,,,,,,,,,,,
,-5.009028,-81.131389,,,,,,,,,,,,,,,,,,
,-5.009028,-81.131944,,,,,,,,,,,,,,,,,,
,-5.009028,-81.1325,,,,,,,,,,,,,,,,,,
,-5.00875,-81.133056,,,,,,,,,,,,,,,,,,
,-5.00875,-81.133056,,,,,,,,,,,,,,,,,,
,-5.00875,-81.133333,,,,,,,,,,,,,,,,,,
,-5.00875,-81.133333,,,,,,,,,,,,,,,,,,
,-4.965972,-81.225833,,,,,,,,,,,,,,,,,,
,-4.965972,-81.225556,,,,,,,,,,,,,,,,,,
,-4.96625,-81.225,,,,,,,,,,,,,,,,,,
,-4.966528,-81.225,,,,,,,,,,,,,,,,,,
,-4.966528,-81.224722,,,,,,,,,,,,,,,,,,
,-4.966806,-81.224444,,,,,,,,,,,,,,,,,,
,-4.966806,-81.223889,,,,,,,,,,,,,,,,,,
,-4.988472,-81.153611,,,,,,,,,,,,,,,,,,
,-4.989583,-81.154167,,,,,,,,,,,,,,,,,,
,-4.990694,-81.154444,,,,,,,,,,,,,,,,,,
,-4.991806,-81.154722,,,,,,,,,,,,,,,,,,
,-4.992083,-81.154444,,,,,,,,,,,,,,,,,,
,-4.992361,-81.154722,,,,,,,,,,,,,,,,,,
,-4.992361,-81.154444,,,,,,,,,,,,,,,,,,
,-4.992917,-81.154444,,,,,,,,,,,,,,,,,,
,-4.992917,-81.154167,,,,,,,,,,,,,,,,,,
,-4.993472,-81.153889,,,,,,,,,,,,,,,,,,
,-4.96375,-81.173056,,,,,,,,,,,,,,,,,,
,-4.96375,-81.173056,,,,,,,,,,,,,,,,,,
,-4.96375,-81.172778,,,,,,,,,,,,,,,,,,
,-4.96375,-81.172778,,,,,,,,,,,,,,,,,,
,-4.96375,-81.172778,,,,,,,,,,,,,,,,,,
,-4.963472,-81.172778,,,,,,,,,,,,,,,,,,
,-4.962639,-81.173056,,,,,,,,,,,,,,,,,,
,-4.961806,-81.173056,,,,,,,,,,,,,,,,,,
,-4.96125,-81.173333,,,,,,,,,,,,,,,,,,
,-4.960694,-81.173333,,,,,,,,,,,,,,,,,,
,-4.960139,-81.173611,,,,,,,,,,,,,,,,,,
,-4.959306,-81.173611,,,,,,,,,,,,,,,,,,
,-4.95875,-81.173056,,,,,,,,,,,,,,,,,,
,-5.08625,-81.196667,,,,,,,,,,,,,,,,,,
,-5.087639,-81.196389,,,,,,,,,,,,,,,,,,
,-5.088194,-81.196111,,,,,,,,,,,,,,,,,,
,-5.088194,-81.196111,,,,,,,,,,,,,,,,,,
,-5.088194,-81.195833,,,,,,,,,,,,,,,,,,
,-5.087639,-81.196111,,,,,,,,,,,,,,,,,,
,-5.067361,-81.243889,,,,,,,,,,,,,,,,,,
,-5.069028,-81.243056,,,,,,,,,,,,,,,,,,
,-5.070694,-81.242222,,,,,,,,,,,,,,,,,,
,-5.072361,-81.241111,,,,,,,,,,,,,,,,,,
,-5.074028,-81.240556,,,,,,,,,,,,,,,,,,
,-5.075972,-81.24,,,,,,,,,,,,,,,,,,
,-5.077917,-81.239167,,,,,,,,,,,,,,,,,,
,-5.079583,-81.238333,,,,,,,,,,,,,,,,,,
,-5.081528,-81.228333,,,,,,,,,,,,,,,,,,
,-5.083194,-81.226944,,,,,,,,,,,,,,,,,,
,-5.084583,-81.226389,,,,,,,,,,,,,,,,,,
,-5.085139,-81.225833,,,,,,,,,,,,,,,,,,
,-5.085694,-81.225278,,,,,,,,,,,,,,,,,,
,-5.085694,-81.224722,,,,,,,,,,,,,,,,,,
,-5.080972,-81.235,,,,,,,,,,,,,,,,,,
,-5.077917,-81.2275,,,,,,,,,,,,,,,,,,
,-5.080139,-81.226389,,,,,,,,,,,,,,,,,,
,-5.08125,-81.225833,,,,,,,,,,,,,,,,,,
,-5.082361,-81.225833,,,,,,,,,,,,,,,,,,
,-5.082917,-81.226111,,,,,,,,,,,,,,,,,,
,-5.005417,-81.125,,,,,,,,,,,,,,,,,,
,-5.007639,-81.125278,,,,,,,,,,,,,,,,,,
,-5.009306,-81.125833,,,,,,,,,,,,,,,,,,
,-5.01125,-81.126389,,,,,,,,,,,,,,,,,,
,-5.013194,-81.127222,,,,,,,,,,,,,,,,,,
,-5.014861,-81.127778,,,,,,,,,,,,,,,,,,
,-5.01625,-81.128333,,,,,,,,,,,,,,,,,,
,-5.017083,-81.127778,,,,,,,,,,,,,,,,,,
,-5.017917,-81.127222,,,,,,,,,,,,,,,,,,
,-5.01875,-81.126389,,,,,,,,,,,,,,,,,,
,-4.9964,-81.196599,,,,,,,,,,,,,,,,,,
,-4.9971,-81.197,,,,,,,,,,,,,,,,,,
,-4.9974,-81.1969,,,,,,,,,,,,,,,,,,
,-4.9975,-81.196599,,,,,,,,,,,,,,,,,,
,-4.9977,-81.196599,,,,,,,,,,,,,,,,,,
,-4.9977,-81.1967,,,,,,,,,,,,,,,,,,
,-4.9976,-81.1967,,,,,,,,,,,,,,,,,,
,-4.9977,-81.197,,,,,,,,,,,,,,,,,,
,-4.9979,-81.1972,,,,,,,,,,,,,,,,,,
,-4.9983,-81.1974,,,,,,,,,,,,,,,,,,
,-5.0011,-81.1926,,,,,,,,,,,,,,,,,,
,-5.0099,-81.181699,,,,,,,,,,,,,,,,,,
,-5.0108,-81.181899,,,,,,,,,,,,,,,,,,
,-5.0116,-81.1825,,,,,,,,,,,,,,,,,,
,-5.012,-81.182599,,,,,,,,,,,,,,,,,,
,-5.0118,-81.1825,,,,,,,,,,,,,,,,,,
,-5.0119,-81.1827,,,,,,,,,,,,,,,,,,
,-5.0121,-81.1829,,,,,,,,,,,,,,,,,,
,-5.0121,-81.183299,,,,,,,,,,,,,,,,,,
,-5.0801,-81.236699,,,,,,,,,,,,,,,,,,
,-5.0817,-81.235599,,,,,,,,,,,,,,,,,,
,-5.0832,-81.2346,,,,,,,,,,,,,,,,,,
,-5.0843,-81.2343,,,,,,,,,,,,,,,,,,
,-5.0849,-81.234199,,,,,,,,,,,,,,,,,,
,-5.0854,-81.233999,,,,,,,,,,,,,,,,,,
,-5.0855,-81.233999,,,,,,,,,,,,,,,,,,
,-4.9768,-81.1634,,,,,,,,,,,,,,,,,,
,-4.9787,-81.1639,,,,,,,,,,,,,,,,,,
,-4.9805,-81.1643,,,,,,,,,,,,,,,,,,
,-4.9824,-81.1646,,,,,,,,,,,,,,,,,,
,-4.9841,-81.164899,,,,,,,,,,,,,,,,,,
,-4.9858,-81.165399,,,,,,,,,,,,,,,,,,
,-4.9876,-81.166099,,,,,,,,,,,,,,,,,,
,-4.9893,-81.1668,,,,,,,,,,,,,,,,,,
,-4.9912,-81.1677,,,,,,,,,,,,,,,,,,
,-4.9932,-81.1685,,,,,,,,,,,,,,,,,,
,-4.9951,-81.1693,,,,,,,,,,,,,,,,,,
,-4.9968,-81.17,,,,,,,,,,,,,,,,,,
,-4.9987,-81.170599,,,,,,,,,,,,,,,,,,
,-5.0007,-81.1712,,,,,,,,,,,,,,,,,,
,-5.0028,-81.171499,,,,,,,,,,,,,,,,,,
,-5.0049,-81.171699,,,,,,,,,,,,,,,,,,
,-5.0069,-81.1721,,,,,,,,,,,,,,,,,,
,-5.0089,-81.1728,,,,,,,,,,,,,,,,,,
,-5.017,-81.174399,,,,,,,,,,,,,,,,,,
,-5.0172,-81.1748,,,,,,,,,,,,,,,,,,
,-5.0175,-81.174899,,,,,,,,,,,,,,,,,,
,-5.0178,-81.175099,,,,,,,,,,,,,,,,,,
,-5.0179,-81.1752,,,,,,,,,,,,,,,,,,
,-5.0179,-81.175,,,,,,,,,,,,,,,,,,
,-5.0181,-81.1752,,,,,,,,,,,,,,,,,,
,-5.0179,-81.1755,,,,,,,,,,,,,,,,,,
,-5.0146,-81.153,,,,,,,,,,,,,,,,,,
,-5.0158,-81.152899,,,,,,,,,,,,,,,,,,
,-5.0167,-81.1521,,,,,,,,,,,,,,,,,,
,-5.0168,-81.1519,,,,,,,,,,,,,,,,,,
,-5.0165,-81.151599,,,,,,,,,,,,,,,,,,
,-5.0164,-81.151599,,,,,,,,,,,,,,,,,,
,-5.016,-81.151299,,,,,,,,,,,,,,,,,,
,-5.06375,-81.240278,,,,,,,,,,,,,,,,,,
,-5.065417,-81.239722,,,,,,,,,,,,,,,,,,
,-5.067361,-81.239167,,,,,,,,,,,,,,,,,,
,-5.069306,-81.238611,,,,,,,,,,,,,,,,,,
,-5.070972,-81.237778,,,,,,,,,,,,,,,,,,
,-5.072361,-81.237222,,,,,,,,,,,,,,,,,,
,-5.074028,-81.236389,,,,,,,,,,,,,,,,,,
,-5.075417,-81.235833,,,,,,,,,,,,,,,,,,
,-4.959306,-81.187222,,,,,,,,,,,,,,,,,,
,-4.959861,-81.1875,,,,,,,,,,,,,,,,,,
,-4.960417,-81.187222,,,,,,,,,,,,,,,,,,
,-4.960694,-81.1875,,,,,,,,,,,,,,,,,,
,-4.960694,-81.187778,,,,,,,,,,,,,,,,,,
,-4.960417,-81.188056,,,,,,,,,,,,,,,,,,
,-4.959583,-81.188611,,,,,,,,,,,,,,,,,,
,-4.95875,-81.188889,,,,,,,,,,,,,,,,,,
,-5.009306,-81.1475,,,,,,,,,,,,,,,,,,
,-5.010139,-81.146667,,,,,,,,,,,,,,,,,,
,-5.010972,-81.145833,,,,,,,,,,,,,,,,,,
,-5.010972,-81.145556,,,,,,,,,,,,,,,,,,
,-5.01125,-81.145556,,,,,,,,,,,,,,,,,,
,-5.010972,-81.146111,,,,,,,,,,,,,,,,,,
,-5.001806,-81.164722,,,,,,,,,,,,,,,,,,
,-5.002361,-81.165278,,,,,,,,,,,,,,,,,,
,-5.003194,-81.165278,,,,,,,,,,,,,,,,,,
,-5.004028,-81.165,,,,,,,,,,,,,,,,,,
,-5.00375,-81.165278,,,,,,,,,,,,,,,,,,
,-5.003194,-81.165833,,,,,,,,,,,,,,,,,,
,-5.002361,-81.165833,,,,,,,,,,,,,,,,,,
,-4.993194,-81.200556,,,,,,,,,,,,,,,,,,
,-4.994306,-81.200833,,,,,,,,,,,,,,,,,,
,-4.995417,-81.201111,,,,,,,,,,,,,,,,,,
,-4.996528,-81.201389,,,,,,,,,,,,,,,,,,
,-4.997639,-81.201667,,,,,,,,,,,,,,,,,,
,-4.99875,-81.201667,,,,,,,,,,,,,,,,,,
,-4.999028,-81.201944,,,,,,,,,,,,,,,,,,
,-4.999583,-81.201667,,,,,,,,,,,,,,,,,,
,-4.999583,-81.201667,,,,,,,,,,,,,,,,,,
,-5.014861,-81.190556,,,,,,,,,,,,,,,,,,
,-5.01625,-81.191389,,,,,,,,,,,,,,,,,,
,-5.017361,-81.191944,,,,,,,,,,,,,,,,,,
,-5.018194,-81.1925,,,,,,,,,,,,,,,,,,
,-5.017917,-81.193056,,,,,,,,,,,,,,,,,,
,-5.018194,-81.193333,,,,,,,,,,,,,,,,,,
,-5.018194,-81.193333,,,,,,,,,,,,,,,,,,
,-5.018472,-81.192778,,,,,,,,,,,,,,,,,,
,-5.018194,-81.215278,,,,,,,,,,,,,,,,,,
,-5.020139,-81.214722,,,,,,,,,,,,,,,,,,
,-5.021806,-81.214722,,,,,,,,,,,,,,,,,,
,-5.02375,-81.214722,,,,,,,,,,,,,,,,,,
,-5.025417,-81.215,,,,,,,,,,,,,,,,,,
,-5.027361,-81.215278,,,,,,,,,,,,,,,,,,
,-5.084306,-81.231667,,,,,,,,,,,,,,,,,,
,-5.087917,-81.230278,,,,,,,,,,,,,,,,,,
,-5.089583,-81.229722,,,,,,,,,,,,,,,,,,
,-5.090694,-81.229167,,,,,,,,,,,,,,,,,,
,-5.09125,-81.228611,,,,,,,,,,,,,,,,,,
,-5.091528,-81.228333,,,,,,,,,,,,,,,,,,
,-5.092083,-81.227778,,,,,,,,,,,,,,,,,,
,-5.075139,-81.233333,,,,,,,,,,,,,,,,,,
,-5.077639,-81.2325,,,,,,,,,,,,,,,,,,
,-5.079861,-81.231944,,,,,,,,,,,,,,,,,,
,-5.082361,-81.230833,,,,,,,,,,,,,,,,,,
,-5.08375,-81.230278,,,,,,,,,,,,,,,,,,
,-5.084583,-81.23,,,,,,,,,,,,,,,,,,
,-5.085694,-81.23,,,,,,,,,,,,,,,,,,
,-5.086528,-81.229722,,,,,,,,,,,,,,,,,,
,-5.087361,-81.229722,,,,,,,,,,,,,,,,,,
,-5.088194,-81.229722,,,,,,,,,,,,,,,,,,
,-5.089306,-81.229444,,,,,,,,,,,,,,,,,,
,-5.089583,-81.229444,,,,,,,,,,,,,,,,,,
,-4.980139,-81.16,,,,,,,,,,,,,,,,,,
,-4.980694,-81.159167,,,,,,,,,,,,,,,,,,
,-4.980972,-81.158611,,,,,,,,,,,,,,,,,,
,-4.981528,-81.158056,,,,,,,,,,,,,,,,,,
,-4.982083,-81.1575,,,,,,,,,,,,,,,,,,
,-4.982639,-81.157222,,,,,,,,,,,,,,,,,,
,-4.982639,-81.158056,,,,,,,,,,,,,,,,,,
,-4.982361,-81.158333,,,,,,,,,,,,,,,,,,
,-4.982361,-81.158889,,,,,,,,,,,,,,,,,,
,-4.982361,-81.158889,,,,,,,,,,,,,,,,,,
,-5.01625,-81.131944,,,,,,,,,,,,,,,,,,
,-5.015972,-81.132778,,,,,,,,,,,,,,,,,,
,-5.015972,-81.132778,,,,,,,,,,,,,,,,,,
,-5.015694,-81.133333,,,,,,,,,,,,,,,,,,
,-5.015417,-81.133611,,,,,,,,,,,,,,,,,,
,-5.015417,-81.133889,,,,,,,,,,,,,,,,,,
,-5.015139,-81.134167,,,,,,,,,,,,,,,,,,
,-4.959028,-81.180556,,,,,,,,,,,,,,,,,,
,-4.959861,-81.18,,,,,,,,,,,,,,,,,,
,-4.96125,-81.178611,,,,,,,,,,,,,,,,,,
,-4.96375,-81.178056,,,,,,,,,,,,,,,,,,
,-4.96625,-81.1775,,,,,,,,,,,,,,,,,,
,-4.968194,-81.176944,,,,,,,,,,,,,,,,,,
,-4.969583,-81.176944,,,,,,,,,,,,,,,,,,
,-4.970417,-81.176667,,,,,,,,,,,,,,,,,,
,-4.971528,-81.176667,,,,,,,,,,,,,,,,,,
,-4.972361,-81.176111,,,,,,,,,,,,,,,,,,
,-5.015417,-81.143333,,,,,,,,,,,,,,,,,,
,-5.015417,-81.1425,,,,,,,,,,,,,,,,,,
,-5.015972,-81.141667,,,,,,,,,,,,,,,,,,
,-5.015972,-81.140833,,,,,,,,,,,,,,,,,,
,-5.015972,-81.140278,,,,,,,,,,,,,,,,,,
,-5.015694,-81.14,,,,,,,,,,,,,,,,,,
,-5.015417,-81.139722,,,,,,,,,,,,,,,,,,
,-5.015694,-81.14,,,,,,,,,,,,,,,,,,
,-5.015694,-81.140556,,,,,,,,,,,,,,,,,,
,-5.015694,-81.141111,,,,,,,,,,,,,,,,,,
,-5.015694,-81.141667,,,,,,,,,,,,,,,,,,
,-5.015139,-81.141667,,,,,,,,,,,,,,,,,,
,-4.982083,-81.153056,,,,,,,,,,,,,,,,,,
,-4.982361,-81.151111,,,,,,,,,,,,,,,,,,
,-4.982917,-81.149444,,,,,,,,,,,,,,,,,,
,-4.983472,-81.148889,,,,,,,,,,,,,,,,,,
,-4.98375,-81.148611,,,,,,,,,,,,,,,,,,
,-4.983472,-81.148056,,,,,,,,,,,,,,,,,,
,-5.035972,-81.214722,,,,,,,,,,,,,,,,,,
,-5.037639,-81.214444,,,,,,,,,,,,,,,,,,
,-5.039028,-81.214444,,,,,,,,,,,,,,,,,,
,-5.040417,-81.214167,,,,,,,,,,,,,,,,,,
,-5.041806,-81.214444,,,,,,,,,,,,,,,,,,
,-5.043472,-81.214722,,,,,,,,,,,,,,,,,,
,-5.045139,-81.215278,,,,,,,,,,,,,,,,,,
,-5.04625,-81.215556,,,,,,,,,,,,,,,,,,
,-5.047917,-81.215833,,,,,,,,,,,,,,,,,,
,-5.052917,-81.193333,,,,,,,,,,,,,,,,,,
,-5.055694,-81.193333,,,,,,,,,,,,,,,,,,
,-5.057917,-81.193056,,,,,,,,,,,,,,,,,,
,-5.059306,-81.193056,,,,,,,,,,,,,,,,,,
,-5.060694,-81.193056,,,,,,,,,,,,,,,,,,
,-5.061528,-81.1925,,,,,,,,,,,,,,,,,,
,-4.987917,-81.135278,,,,,,,,,,,,,,,,,,
,-4.989028,-81.136111,,,,,,,,,,,,,,,,,,
,-4.989861,-81.136667,,,,,,,,,,,,,,,,,,
,-4.990139,-81.136944,,,,,,,,,,,,,,,,,,
,-4.990972,-81.137222,,,,,,,,,,,,,,,,,,
,-4.992083,-81.137222,,,,,,,,,,,,,,,,,,
,-4.957361,-81.177222,,,,,,,,,,,,,,,,,,
,-4.957083,-81.176944,,,,,,,,,,,,,,,,,,
,-4.956806,-81.176667,,,,,,,,,,,,,,,,,,
,-4.956806,-81.176389,,,,,,,,,,,,,,,,,,
,-4.956528,-81.176389,,,,,,,,,,,,,,,,,,
,-4.955972,-81.176111,,,,,,,,,,,,,,,,,,
,-4.954861,-81.176111,,,,,,,,,,,,,,,,,,
,-4.954583,-81.176111,,,,,,,,,,,,,,,,,,
,-5.005972,-81.148889,,,,,,,,,,,,,,,,,,
,-5.007083,-81.149722,,,,,,,,,,,,,,,,,,
,-5.008194,-81.150556,,,,,,,,,,,,,,,,,,
,-5.009306,-81.151389,,,,,,,,,,,,,,,,,,
,-5.010417,-81.151944,,,,,,,,,,,,,,,,,,
,-5.01125,-81.152778,,,,,,,,,,,,,,,,,,
,-5.012361,-81.153611,,,,,,,,,,,,,,,,,,
,-5.013194,-81.154444,,,,,,,,,,,,,,,,,,
,-5.559583,-81.031944,,,,,,,,,,,,,,,,,,
,-5.556528,-81.029167,,,,,,,,,,,,,,,,,,
,-5.557083,-81.028056,,,,,,,,,,,,,,,,,,
,-5.557639,-81.026944,,,,,,,,,,,,,,,,,,
,-5.56375,-81.029722,,,,,,,,,,,,,,,,,,
,-5.564861,-81.028611,,,,,,,,,,,,,,,,,,
,-5.565972,-81.027222,,,,,,,,,,,,,,,,,,
,-5.567639,-81.026111,,,,,,,,,,,,,,,,,,
,-5.569028,-81.024722,,,,,,,,,,,,,,,,,,
,-4.995694,-81.159722,,,,,,,,,,,,,,,,,,
,-4.994583,-81.158611,,,,,,,,,,,,,,,,,,
,-4.996528,-81.157778,,,,,,,,,,,,,,,,,,
,-4.997917,-81.156667,,,,,,,,,,,,,,,,,,
,-4.999028,-81.156389,,,,,,,,,,,,,,,,,,
,-4.999583,-81.155833,,,,,,,,,,,,,,,,,,
,-5.000417,-81.155556,,,,,,,,,,,,,,,,,,
,-5.000972,-81.154722,,,,,,,,,,,,,,,,,,
,-5.004861,-81.158056,,,,,,,,,,,,,,,,,,
,-5.006528,-81.157222,,,,,,,,,,,,,,,,,,
,-5.007639,-81.155833,,,,,,,,,,,,,,,,,,
,-5.009306,-81.155278,,,,,,,,,,,,,,,,,,
,-5.010417,-81.155,,,,,,,,,,,,,,,,,,
,-5.010972,-81.155,,,,,,,,,,,,,,,,,,
,-5.011528,-81.154444,,,,,,,,,,,,,,,,,,
,-5.012083,-81.153889,,,,,,,,,,,,,,,,,,
,-5.012361,-81.153333,,,,,,,,,,,,,,,,,,
,-5.021528,-81.179167,,,,,,,,,,,,,,,,,,
,-5.021528,-81.179722,,,,,,,,,,,,,,,,,,
,-5.02125,-81.179722,,,,,,,,,,,,,,,,,,
,-5.020139,-81.180278,,,,,,,,,,,,,,,,,,
,-5.019306,-81.180556,,,,,,,,,,,,,,,,,,
,-5.017917,-81.180556,,,,,,,,,,,,,,,,,,
,-5.013472,-81.130833,,,,,,,,,,,,,,,,,,
,-5.01375,-81.129444,,,,,,,,,,,,,,,,,,
,-5.014028,-81.128333,,,,,,,,,,,,,,,,,,
,-5.01375,-81.127778,,,,,,,,,,,,,,,,,,
,-5.014028,-81.1275,,,,,,,,,,,,,,,,,,
,-5.01375,-81.127778,,,,,,,,,,,,,,,,,,
,-5.01375,-81.128056,,,,,,,,,,,,,,,,,,
,-4.997917,-81.156111,,,,,,,,,,,,,,,,,,
,-4.998472,-81.155278,,,,,,,,,,,,,,,,,,
,-4.999306,-81.155,,,,,,,,,,,,,,,,,,
,-5.000417,-81.155,,,,,,,,,,,,,,,,,,
,-5.001806,-81.155,,,,,,,,,,,,,,,,,,
,-5.003194,-81.155,,,,,,,,,,,,,,,,,,
,-5.004583,-81.155,,,,,,,,,,,,,,,,,,
,-5.005972,-81.155,,,,,,,,,,,,,,,,,,
,-5.007361,-81.155,,,,,,,,,,,,,,,,,,
,-5.00875,-81.155278,,,,,,,,,,,,,,,,,,
,-5.010139,-81.155833,,,,,,,,,,,,,,,,,,
,-5.011528,-81.156111,,,,,,,,,,,,,,,,,,
,-5.012917,-81.156389,,,,,,,,,,,,,,,,,,
,-5.014306,-81.156389,,,,,,,,,,,,,,,,,,
,-5.015972,-81.156667,,,,,,,,,,,,,,,,,,
,-5.01875,-81.156111,,,,,,,,,,,,,,,,,,
,-5.020972,-81.156389,,,,,,,,,,,,,,,,,,
,-5.01125,-81.146111,,,,,,,,,,,,,,,,,,
,-5.012083,-81.146111,,,,,,,,,,,,,,,,,,
,-5.013194,-81.145833,,,,,,,,,,,,,,,,,,
,-5.014306,-81.145556,,,,,,,,,,,,,,,,,,
,-5.015417,-81.145556,,,,,,,,,,,,,,,,,,
,-5.015972,-81.145278,,,,,,,,,,,,,,,,,,
,-5.015694,-81.145556,,,,,,,,,,,,,,,,,,
,-5.015694,-81.145278,,,,,,,,,,,,,,,,,,
,-5.015694,-81.145,,,,,,,,,,,,,,,,,,
,-5.014583,-81.193333,,,,,,,,,,,,,,,,,,
,-5.015694,-81.193611,,,,,,,,,,,,,,,,,,
,-5.016528,-81.193889,,,,,,,,,,,,,,,,,,
,-5.016528,-81.194167,,,,,,,,,,,,,,,,,,
,-5.016528,-81.194722,,,,,,,,,,,,,,,,,,
,-5.017361,-81.195278,,,,,,,,,,,,,,,,,,
,-5.039583,-81.215556,,,,,,,,,,,,,,,,,,
,-5.040972,-81.215556,,,,,,,,,,,,,,,,,,
,-5.042361,-81.215278,,,,,,,,,,,,,,,,,,
,-5.04375,-81.215833,,,,,,,,,,,,,,,,,,
,-5.045417,-81.216111,,,,,,,,,,,,,,,,,,
,-5.047083,-81.216667,,,,,,,,,,,,,,,,,,
,-5.04875,-81.217222,,,,,,,,,,,,,,,,,,
,-5.050417,-81.217778,,,,,,,,,,,,,,,,,,
,-5.076528,-81.231667,,,,,,,,,,,,,,,,,,
,-5.078472,-81.231389,,,,,,,,,,,,,,,,,,
,-5.080139,-81.231389,,,,,,,,,,,,,,,,,,
,-5.081528,-81.231111,,,,,,,,,,,,,,,,,,
,-5.082639,-81.231111,,,,,,,,,,,,,,,,,,
,-5.083472,-81.231667,,,,,,,,,,,,,,,,,,
,-5.083472,-81.231389,,,,,,,,,,,,,,,,,,
,-5.08375,-81.231389,,,,,,,,,,,,,,,,,,
,-5.084306,-81.230833,,,,,,,,,,,,,,,,,,
,-5.012361,-81.216667,,,,,,,,,,,,,,,,,,
,-5.014028,-81.216667,,,,,,,,,,,,,,,,,,
,-5.014861,-81.216389,,,,,,,,,,,,,,,,,,
,-5.014861,-81.216389,,,,,,,,,,,,,,,,,,
,-5.015417,-81.216389,,,,,,,,,,,,,,,,,,
,-5.016528,-81.216389,,,,,,,,,,,,,,,,,,
,-4.98125,-81.155556,,,,,,,,,,,,,,,,,,
,-4.982917,-81.155556,,,,,,,,,,,,,,,,,,
,-4.984583,-81.155278,,,,,,,,,,,,,,,,,,
,-4.98625,-81.155278,,,,,,,,,,,,,,,,,,
,-4.988194,-81.155278,,,,,,,,,,,,,,,,,,
,-4.989861,-81.155278,,,,,,,,,,,,,,,,,,
,-4.992083,-81.155556,,,,,,,,,,,,,,,,,,
,-4.994028,-81.155556,,,,,,,,,,,,,,,,,,
,-4.99625,-81.155833,,,,,,,,,,,,,,,,,,
,-4.998194,-81.156389,,,,,,,,,,,,,,,,,,
,-5.000694,-81.156667,,,,,,,,,,,,,,,,,,
,-5.002917,-81.156667,,,,,,,,,,,,,,,,,,
,-5.005139,-81.156667,,,,,,,,,,,,,,,,,,
,-5.007639,-81.156389,,,,,,,,,,,,,,,,,,
,-5.010139,-81.156111,,,,,,,,,,,,,,,,,,
,-5.012639,-81.155833,,,,,,,,,,,,,,,,,,
,-5.015417,-81.156111,,,,,,,,,,,,,,,,,,
,-5.018194,-81.156111,,,,,,,,,,,,,,,,,,
,-5.005972,-81.124722,,,,,,,,,,,,,,,,,,
,-5.00875,-81.125556,,,,,,,,,,,,,,,,,,
,-5.01125,-81.126389,,,,,,,,,,,,,,,,,,
,-5.012917,-81.1275,,,,,,,,,,,,,,,,,,
,-5.014583,-81.128611,,,,,,,,,,,,,,,,,,
,-5.015694,-81.129722,,,,,,,,,,,,,,,,,,
,-5.017083,-81.130833,,,,,,,,,,,,,,,,,,
,-4.962639,-81.223056,,,,,,,,,,,,,,,,,,
,-4.963194,-81.2225,,,,,,,,,,,,,,,,,,
,-4.963472,-81.2225,,,,,,,,,,,,,,,,,,
,-4.963472,-81.2225,,,,,,,,,,,,,,,,,,
,-4.96375,-81.221944,,,,,,,,,,,,,,,,,,
,-4.964028,-81.221667,,,,,,,,,,,,,,,,,,
,-4.961528,-81.200278,,,,,,,,,,,,,,,,,,
,-4.961806,-81.200278,,,,,,,,,,,,,,,,,,
,-4.961806,-81.200556,,,,,,,,,,,,,,,,,,
,-4.961528,-81.201111,,,,,,,,,,,,,,,,,,
,-4.960972,-81.201389,,,,,,,,,,,,,,,,,,
,-4.960417,-81.201667,,,,,,,,,,,,,,,,,,
,-4.959583,-81.201389,,,,,,,,,,,,,,,,,,
,-4.945694,-81.168611,,,,,,,,,,,,,,,,,,
,-4.945139,-81.168889,,,,,,,,,,,,,,,,,,
,-4.944583,-81.168889,,,,,,,,,,,,,,,,,,
,-4.944028,-81.169167,,,,,,,,,,,,,,,,,,
,-4.94375,-81.169444,,,,,,,,,,,,,,,,,,
,-4.94375,-81.169167,,,,,,,,,,,,,,,,,,
,-4.998194,-81.153056,,,,,,,,,,,,,,,,,,
,-4.999028,-81.153611,,,,,,,,,,,,,,,,,,
,-4.999861,-81.153889,,,,,,,,,,,,,,,,,,
,-5.000694,-81.154444,,,,,,,,,,,,,,,,,,
,-5.00125,-81.155278,,,,,,,,,,,,,,,,,,
,-5.002361,-81.155833,,,,,,,,,,,,,,,,,,
,-5.003194,-81.156111,,,,,,,,,,,,,,,,,,
,-5.00625,-81.158611,,,,,,,,,,,,,,,,,,
,-5.007083,-81.158333,,,,,,,,,,,,,,,,,,
,-5.007639,-81.158611,,,,,,,,,,,,,,,,,,
,-5.008194,-81.158333,,,,,,,,,,,,,,,,,,
,-5.008472,-81.158333,,,,,,,,,,,,,,,,,,
,-5.009028,-81.158056,,,,,,,,,,,,,,,,,,
,-5.00875,-81.156111,,,,,,,,,,,,,,,,,,
,-5.010139,-81.155556,,,,,,,,,,,,,,,,,,
,-5.010139,-81.155833,,,,,,,,,,,,,,,,,,
,-5.010694,-81.155278,,,,,,,,,,,,,,,,,,
,-5.010972,-81.154444,,,,,,,,,,,,,,,,,,
,-5.017361,-81.156389,,,,,,,,,,,,,,,,,,
,-5.024306,-81.210833,,,,,,,,,,,,,,,,,,
,-5.025694,-81.209444,,,,,,,,,,,,,,,,,,
,-5.027083,-81.208056,,,,,,,,,,,,,,,,,,
,-5.028472,-81.207222,,,,,,,,,,,,,,,,,,
,-5.029306,-81.206667,,,,,,,,,,,,,,,,,,
,-5.030139,-81.206389,,,,,,,,,,,,,,,,,,
,-5.019861,-81.178333,,,,,,,,,,,,,,,,,,
,-5.019861,-81.178889,,,,,,,,,,,,,,,,,,
,-5.022639,-81.18,,,,,,,,,,,,,,,,,,
,-5.022639,-81.180556,,,,,,,,,,,,,,,,,,
,-5.022361,-81.180833,,,,,,,,,,,,,,,,,,
,-5.022083,-81.180556,,,,,,,,,,,,,,,,,,
,-5.021806,-81.180556,,,,,,,,,,,,,,,,,,
,-5.021528,-81.18,,,,,,,,,,,,,,,,,,
,-5.020694,-81.180556,,,,,,,,,,,,,,,,,,
,-5.019583,-81.180556,,,,,,,,,,,,,,,,,,
,-5.018472,-81.180833,,,,,,,,,,,,,,,,,,
,-5.007639,-81.135,,,,,,,,,,,,,,,,,,
,-5.00875,-81.134444,,,,,,,,,,,,,,,,,,
,-5.00875,-81.134167,,,,,,,,,,,,,,,,,,
,-5.00875,-81.133889,,,,,,,,,,,,,,,,,,
,-5.009028,-81.133611,,,,,,,,,,,,,,,,,,
,-5.009028,-81.133333,,,,,,,,,,,,,,,,,,
,-5.009861,-81.132778,,,,,,,,,,,,,,,,,,
,-5.010139,-81.132222,,,,,,,,,,,,,,,,,,
,-5.014861,-81.145,,,,,,,,,,,,,,,,,,
,-5.015694,-81.145556,,,,,,,,,,,,,,,,,,
,-5.016528,-81.145556,,,,,,,,,,,,,,,,,,
,-5.017083,-81.145,,,,,,,,,,,,,,,,,,
,-5.017083,-81.145278,,,,,,,,,,,,,,,,,,
,-5.017083,-81.144722,,,,,,,,,,,,,,,,,,
,-5.016806,-81.144167,,,,,,,,,,,,,,,,,,
,-5.008472,-81.181667,,,,,,,,,,,,,,,,,,
,-5.009583,-81.181944,,,,,,,,,,,,,,,,,,
,-5.010694,-81.181944,,,,,,,,,,,,,,,,,,
,-5.011806,-81.1825,,,,,,,,,,,,,,,,,,
,-5.012639,-81.183056,,,,,,,,,,,,,,,,,,
,-5.01375,-81.183611,,,,,,,,,,,,,,,,,,
,-5.015139,-81.183889,,,,,,,,,,,,,,,,,,
,-5.01625,-81.184167,,,,,,,,,,,,,,,,,,
,-5.017361,-81.184722,,,,,,,,,,,,,,,,,,
,-5.017361,-81.185,,,,,,,,,,,,,,,,,,
,-5.017361,-81.185278,,,,,,,,,,,,,,,,,,
,-5.017639,-81.185556,,,,,,,,,,,,,,,,,,
,-5.017639,-81.185833,,,,,,,,,,,,,,,,,,
,-5.017639,-81.186111,,,,,,,,,,,,,,,,,,
,-5.018472,-81.186111,,,,,,,,,,,,,,,,,,
,-5.000417,-81.160556,,,,,,,,,,,,,,,,,,
,-5.000694,-81.159444,,,,,,,,,,,,,,,,,,
,-5.001528,-81.158611,,,,,,,,,,,,,,,,,,
,-5.002083,-81.158611,,,,,,,,,,,,,,,,,,
,-5.002639,-81.158333,,,,,,,,,,,,,,,,,,
,-5.002917,-81.158333,,,,,,,,,,,,,,,,,,
,-5.003194,-81.157778,,,,,,,,,,,,,,,,,,
,-4.994583,-81.163611,,,,,,,,,,,,,,,,,,
,-4.995972,-81.162222,,,,,,,,,,,,,,,,,,
,-4.997083,-81.160833,,,,,,,,,,,,,,,,,,
,-4.998194,-81.159444,,,,,,,,,,,,,,,,,,
,-4.999028,-81.157778,,,,,,,,,,,,,,,,,,
,-4.999861,-81.156667,,,,,,,,,,,,,,,,,,
,-5.000417,-81.156667,,,,,,,,,,,,,,,,,,
,-5.000694,-81.155833,,,,,,,,,,,,,,,,,,
,-5.001528,-81.155278,,,,,,,,,,,,,,,,,,
,-5.002083,-81.154722,,,,,,,,,,,,,,,,,,
,-5.024028,-81.193611,,,,,,,,,,,,,,,,,,
,-5.024861,-81.191389,,,,,,,,,,,,,,,,,,
,-5.024861,-81.190556,,,,,,,,,,,,,,,,,,
,-5.025139,-81.19,,,,,,,,,,,,,,,,,,
,-5.024861,-81.190556,,,,,,,,,,,,,,,,,,
,-5.024583,-81.190556,,,,,,,,,,,,,,,,,,
,-5.024028,-81.190556,,,,,,,,,,,,,,,,,,
,-5.02375,-81.213889,,,,,,,,,,,,,,,,,,
,-5.025417,-81.213056,,,,,,,,,,,,,,,,,,
,-5.027083,-81.211944,,,,,,,,,,,,,,,,,,
,-5.028472,-81.211111,,,,,,,,,,,,,,,,,,
,-5.029583,-81.210278,,,,,,,,,,,,,,,,,,
,-5.030694,-81.21,,,,,,,,,,,,,,,,,,
,-5.03125,-81.21,,,,,,,,,,,,,,,,,,
,-5.032361,-81.209444,,,,,,,,,,,,,,,,,,
,-5.032917,-81.209167,,,,,,,,,,,,,,,,,,
,-5.033472,-81.208611,,,,,,,,,,,,,,,,,,
,-5.070972,-81.229444,,,,,,,,,,,,,,,,,,
,-5.072361,-81.228889,,,,,,,,,,,,,,,,,,
,-5.073194,-81.228056,,,,,,,,,,,,,,,,,,
,-5.074306,-81.227778,,,,,,,,,,,,,,,,,,
,-5.074861,-81.227778,,,,,,,,,,,,,,,,,,
,-5.074583,-81.2275,,,,,,,,,,,,,,,,,,
,-5.078194,-81.227778,,,,,,,,,,,,,,,,,,
,-5.079861,-81.226111,,,,,,,,,,,,,,,,,,
,-5.082639,-81.220833,,,,,,,,,,,,,,,,,,
,-5.084306,-81.22,,,,,,,,,,,,,,,,,,
,-5.085417,-81.219722,,,,,,,,,,,,,,,,,,
,-5.085972,-81.219167,,,,,,,,,,,,,,,,,,
,-5.004306,-81.125833,,,,,,,,,,,,,,,,,,
,-5.007361,-81.126667,,,,,,,,,,,,,,,,,,
,-5.009861,-81.127222,,,,,,,,,,,,,,,,,,
,-5.012083,-81.128056,,,,,,,,,,,,,,,,,,
,-5.01375,-81.129167,,,,,,,,,,,,,,,,,,
,-5.014861,-81.130556,,,,,,,,,,,,,,,,,,
,-5.015417,-81.131389,,,,,,,,,,,,,,,,,,
,-4.983194,-81.176944,,,,,,,,,,,,,,,,,,
,-4.981528,-81.176111,,,,,,,,,,,,,,,,,,
,-4.979583,-81.175278,,,,,,,,,,,,,,,,,,
,-4.978194,-81.174444,,,,,,,,,,,,,,,,,,
,-4.977361,-81.173889,,,,,,,,,,,,,,,,,,
,-4.976806,-81.174167,,,,,,,,,,,,,,,,,,
,-4.975972,-81.174444,,,,,,,,,,,,,,,,,,
,-4.975694,-81.174444,,,,,,,,,,,,,,,,,,
,-4.974861,-81.174722,,,,,,,,,,,,,,,,,,
,-4.974306,-81.175,,,,,,,,,,,,,,,,,,
,-4.973472,-81.174722,,,,,,,,,,,,,,,,,,
,-5.014306,-81.131389,,,,,,,,,,,,,,,,,,
,-5.014028,-81.13,,,,,,,,,,,,,,,,,,
,-5.014028,-81.129444,,,,,,,,,,,,,,,,,,
,-5.01375,-81.13,,,,,,,,,,,,,,,,,,
,-5.013472,-81.130278,,,,,,,,,,,,,,,,,,
,-5.013194,-81.130556,,,,,,,,,,,,,,,,,,
,-5.013194,-81.130278,,,,,,,,,,,,,,,,,,
,-4.959861,-81.222222,,,,,,,,,,,,,,,,,,
,-4.960417,-81.221944,,,,,,,,,,,,,,,,,,
,-4.960694,-81.221944,,,,,,,,,,,,,,,,,,
,-4.96125,-81.221944,,,,,,,,,,,,,,,,,,
,-4.961806,-81.221944,,,,,,,,,,,,,,,,,,
,-4.961806,-81.222222,,,,,,,,,,,,,,,,,,
,-4.962083,-81.221944,,,,,,,,,,,,,,,,,,
,-4.962361,-81.221944,,,,,,,,,,,,,,,,,,
,-4.949028,-81.193056,,,,,,,,,,,,,,,,,,
,-4.949583,-81.192778,,,,,,,,,,,,,,,,,,
,-4.950139,-81.192778,,,,,,,,,,,,,,,,,,
,-4.950417,-81.1925,,,,,,,,,,,,,,,,,,
,-4.950417,-81.191944,,,,,,,,,,,,,,,,,,
,-4.950139,-81.191111,,,,,,,,,,,,,,,,,,
,-4.981806,-81.154722,,,,,,,,,,,,,,,,,,
,-4.982917,-81.155,,,,,,,,,,,,,,,,,,
,-4.984306,-81.155556,,,,,,,,,,,,,,,,,,
,-4.985694,-81.156111,,,,,,,,,,,,,,,,,,
,-4.986806,-81.156944,,,,,,,,,,,,,,,,,,
,-4.987917,-81.1575,,,,,,,,,,,,,,,,,,
,-4.989028,-81.158333,,,,,,,,,,,,,,,,,,
,-4.990139,-81.159167,,,,,,,,,,,,,,,,,,
,-4.990972,-81.16,,,,,,,,,,,,,,,,,,
,-4.992083,-81.160833,,,,,,,,,,,,,,,,,,
,-4.959583,-81.1875,,,,,,,,,,,,,,,,,,
,-4.960139,-81.187778,,,,,,,,,,,,,,,,,,
,-4.959861,-81.188333,,,,,,,,,,,,,,,,,,
,-4.959583,-81.188889,,,,,,,,,,,,,,,,,,
,-4.959028,-81.188889,,,,,,,,,,,,,,,,,,
,-4.958472,-81.189167,,,,,,,,,,,,,,,,,,
,-4.957917,-81.189444,,,,,,,,,,,,,,,,,,
,-4.984028,-81.172222,,,,,,,,,,,,,,,,,,
,-4.982639,-81.171389,,,,,,,,,,,,,,,,,,
,-4.982083,-81.170278,,,,,,,,,,,,,,,,,,
,-4.981806,-81.169444,,,,,,,,,,,,,,,,,,
,-4.981528,-81.168333,,,,,,,,,,,,,,,,,,
,-4.98125,-81.1675,,,,,,,,,,,,,,,,,,
,-4.980972,-81.167222,,,,,,,,,,,,,,,,,,
,-4.980694,-81.166944,,,,,,,,,,,,,,,,,,
,-4.980139,-81.167778,,,,,,,,,,,,,,,,,,
,-4.979583,-81.168056,,,,,,,,,,,,,,,,,,
,-4.979306,-81.168333,,,,,,,,,,,,,,,,,,
,-4.979306,-81.168889,,,,,,,,,,,,,,,,,,
,-4.982639,-81.150556,,,,,,,,,,,,,,,,,,
,-4.98375,-81.150833,,,,,,,,,,,,,,,,,,
,-4.984583,-81.151111,,,,,,,,,,,,,,,,,,
,-4.985694,-81.151389,,,,,,,,,,,,,,,,,,
,-4.98625,-81.151667,,,,,,,,,,,,,,,,,,
,-4.986806,-81.151667,,,,,,,,,,,,,,,,,,
,-4.987083,-81.151389,,,,,,,,,,,,,,,,,,
,-4.987083,-81.151667,,,,,,,,,,,,,,,,,,
,-4.987361,-81.151667,,,,,,,,,,,,,,,,,,
,-4.987639,-81.151667,,,,,,,,,,,,,,,,,,
,-4.988194,-81.151111,,,,,,,,,,,,,,,,,,
,-4.954306,-81.180833,,,,,,,,,,,,,,,,,,
,-4.954306,-81.180833,,,,,,,,,,,,,,,,,,
,-4.954306,-81.181111,,,,,,,,,,,,,,,,,,
,-4.954028,-81.181111,,,,,,,,,,,,,,,,,,
,-4.954028,-81.181389,,,,,,,,,,,,,,,,,,
,-4.954028,-81.181667,,,,,,,,,,,,,,,,,,
,-4.95375,-81.181944,,,,,,,,,,,,,,,,,,
,-4.953472,-81.181944,,,,,,,,,,,,,,,,,,
,-4.952917,-81.181944,,,,,,,,,,,,,,,,,,
,-4.952361,-81.181944,,,,,,,,,,,,,,,,,,
,-4.951528,-81.181944,,,,,,,,,,,,,,,,,,
,-4.950694,-81.181944,,,,,,,,,,,,,,,,,,
,-4.950139,-81.181944,,,,,,,,,,,,,,,,,,
,-4.949583,-81.181667,,,,,,,,,,,,,,,,,,
,-4.949028,-81.181944,,,,,,,,,,,,,,,,,,
,-4.999028,-81.158889,,,,,,,,,,,,,,,,,,
,-4.999583,-81.159167,,,,,,,,,,,,,,,,,,
,-5.000139,-81.159444,,,,,,,,,,,,,,,,,,
,-5.000694,-81.159722,,,,,,,,,,,,,,,,,,
,-5.001528,-81.16,,,,,,,,,,,,,,,,,,
,-5.002083,-81.160556,,,,,,,,,,,,,,,,,,
,-5.002917,-81.161111,,,,,,,,,,,,,,,,,,
,-5.003472,-81.161389,,,,,,,,,,,,,,,,,,
,-5.004028,-81.161944,,,,,,,,,,,,,,,,,,
,-5.000139,-81.159722,,,,,,,,,,,,,,,,,,
,-5.019028,-81.173889,,,,,,,,,,,,,,,,,,
,-5.020417,-81.174722,,,,,,,,,,,,,,,,,,
,-5.022917,-81.175833,,,,,,,,,,,,,,,,,,
,-5.022083,-81.176389,,,,,,,,,,,,,,,,,,
,-5.02125,-81.176667,,,,,,,,,,,,,,,,,,
,-5.020417,-81.176667,,,,,,,,,,,,,,,,,,
,-5.019306,-81.176389,,,,,,,,,,,,,,,,,,
,-5.029861,-81.1925,,,,,,,,,,,,,,,,,,
,-5.030139,-81.191389,,,,,,,,,,,,,,,,,,
,-5.029861,-81.191389,,,,,,,,,,,,,,,,,,
,-5.029583,-81.191111,,,,,,,,,,,,,,,,,,
,-5.029306,-81.190556,,,,,,,,,,,,,,,,,,
,-5.029306,-81.190278,,,,,,,,,,,,,,,,,,
,-5.025139,-81.206389,,,,,,,,,,,,,,,,,,
,-5.026528,-81.205,,,,,,,,,,,,,,,,,,
,-5.027917,-81.203611,,,,,,,,,,,,,,,,,,
,-5.029583,-81.202222,,,,,,,,,,,,,,,,,,
,-5.030694,-81.201389,,,,,,,,,,,,,,,,,,
,-5.031528,-81.201111,,,,,,,,,,,,,,,,,,
,-5.032361,-81.200833,,,,,,,,,,,,,,,,,,
,-5.033194,-81.200278,,,,,,,,,,,,,,,,,,
,-4.980417,-81.201389,,,,,,,,,,,,,,,,,,
,-4.982083,-81.199167,,,,,,,,,,,,,,,,,,
,-4.984861,-81.195,,,,,,,,,,,,,,,,,,
,-4.986528,-81.193056,,,,,,,,,,,,,,,,,,
,-4.987917,-81.191111,,,,,,,,,,,,,,,,,,
,-4.989861,-81.189722,,,,,,,,,,,,,,,,,,
,-4.991528,-81.188333,,,,,,,,,,,,,,,,,,
,-4.993194,-81.186944,,,,,,,,,,,,,,,,,,
,-4.995139,-81.185833,,,,,,,,,,,,,,,,,,
,-4.997083,-81.184167,,,,,,,,,,,,,,,,,,
,-4.999583,-81.182778,,,,,,,,,,,,,,,,,,
,-5.000417,-81.205,,,,,,,,,,,,,,,,,,
,-5.001806,-81.205278,,,,,,,,,,,,,,,,,,
,-5.002917,-81.205556,,,,,,,,,,,,,,,,,,
,-5.004306,-81.205556,,,,,,,,,,,,,,,,,,
,-5.005139,-81.205833,,,,,,,,,,,,,,,,,,
,-5.005139,-81.206111,,,,,,,,,,,,,,,,,,
,-5.005139,-81.205833,,,,,,,,,,,,,,,,,,
,-5.005417,-81.205833,,,,,,,,,,,,,,,,,,
,-5.005417,-81.205833,,,,,,,,,,,,,,,,,,
,-5.079583,-81.229444,,,,,,,,,,,,,,,,,,
,-5.08125,-81.229167,,,,,,,,,,,,,,,,,,
,-5.083194,-81.228056,,,,,,,,,,,,,,,,,,
,-5.084861,-81.226944,,,,,,,,,,,,,,,,,,
,-5.08625,-81.226111,,,,,,,,,,,,,,,,,,
,-5.087083,-81.226389,,,,,,,,,,,,,,,,,,
,-5.087361,-81.226111,,,,,,,,,,,,,,,,,,
,-5.088194,-81.226111,,,,,,,,,,,,,,,,,,
,-5.08875,-81.225833,,,,,,,,,,,,,,,,,,
,-5.08875,-81.224722,,,,,,,,,,,,,,,,,,
,-4.98625,-81.192222,,,,,,,,,,,,,,,,,,
,-4.985139,-81.192222,,,,,,,,,,,,,,,,,,
,-4.984028,-81.191389,,,,,,,,,,,,,,,,,,
,-4.983194,-81.190278,,,,,,,,,,,,,,,,,,
,-4.982361,-81.189167,,,,,,,,,,,,,,,,,,
,-4.98125,-81.188889,,,,,,,,,,,,,,,,,,
,-4.980417,-81.189167,,,,,,,,,,,,,,,,,,
,-4.979306,-81.188889,,,,,,,,,,,,,,,,,,
,-4.978194,-81.188889,,,,,,,,,,,,,,,,,,
,-4.977361,-81.188333,,,,,,,,,,,,,,,,,,
,-4.985139,-81.170278,,,,,,,,,,,,,,,,,,
,-4.984861,-81.169444,,,,,,,,,,,,,,,,,,
,-4.985417,-81.168333,,,,,,,,,,,,,,,,,,
,-4.985417,-81.168611,,,,,,,,,,,,,,,,,,
,-4.984583,-81.168889,,,,,,,,,,,,,,,,,,
,-4.984583,-81.169444,,,,,,,,,,,,,,,,,,
,-4.984306,-81.169167,,,,,,,,,,,,,,,,,,
,-4.962917,-81.225,,,,,,,,,,,,,,,,,,
,-4.963472,-81.224722,,,,,,,,,,,,,,,,,,
,-4.96375,-81.225,,,,,,,,,,,,,,,,,,
,-4.96375,-81.224722,,,,,,,,,,,,,,,,,,
,-4.964028,-81.224722,,,,,,,,,,,,,,,,,,
,-4.964028,-81.223889,,,,,,,,,,,,,,,,,,
,-4.950417,-81.185833,,,,,,,,,,,,,,,,,,
,-4.950694,-81.185833,,,,,,,,,,,,,,,,,,
,-4.950972,-81.185833,,,,,,,,,,,,,,,,,,
,-4.95125,-81.185556,,,,,,,,,,,,,,,,,,
,-4.950972,-81.185556,,,,,,,,,,,,,,,,,,
,-4.95125,-81.185,,,,,,,,,,,,,,,,,,
,-4.951528,-81.184167,,,,,,,,,,,,,,,,,,
,-4.982639,-81.152222,,,,,,,,,,,,,,,,,,
,-4.982917,-81.152222,,,,,,,,,,,,,,,,,,
,-4.982917,-81.152222,,,,,,,,,,,,,,,,,,
,-4.983194,-81.152222,,,,,,,,,,,,,,,,,,
,-4.983194,-81.151944,,,,,,,,,,,,,,,,,,
,-4.983472,-81.150833,,,,,,,,,,,,,,,,,,
,-4.960139,-81.169444,,,,,,,,,,,,,,,,,,
,-4.959028,-81.168333,,,,,,,,,,,,,,,,,,
,-4.959306,-81.168056,,,,,,,,,,,,,,,,,,
,-4.959028,-81.168056,,,,,,,,,,,,,,,,,,
,-4.959028,-81.168333,,,,,,,,,,,,,,,,,,
,-4.95875,-81.168611,,,,,,,,,,,,,,,,,,
,-4.957639,-81.168889,,,,,,,,,,,,,,,,,,
,-4.957361,-81.168611,,,,,,,,,,,,,,,,,,
,-4.957361,-81.168333,,,,,,,,,,,,,,,,,,
,-5.006806,-81.183056,,,,,,,,,,,,,,,,,,
,-5.008472,-81.1825,,,,,,,,,,,,,,,,,,
,-5.009861,-81.181944,,,,,,,,,,,,,,,,,,
,-5.010417,-81.181944,,,,,,,,,,,,,,,,,,
,-5.010417,-81.182222,,,,,,,,,,,,,,,,,,
,-5.010972,-81.1825,,,,,,,,,,,,,,,,,,
,-5.010417,-81.182778,,,,,,,,,,,,,,,,,,
,-5.009861,-81.183056,,,,,,,,,,,,,,,,,,
,-4.985972,-81.195278,,,,,,,,,,,,,,,,,,
,-4.987639,-81.195,,,,,,,,,,,,,,,,,,
,-4.98875,-81.194722,,,,,,,,,,,,,,,,,,
,-4.989306,-81.194444,,,,,,,,,,,,,,,,,,
,-4.989583,-81.194167,,,,,,,,,,,,,,,,,,
,-4.990139,-81.194167,,,,,,,,,,,,,,,,,,
,-4.990139,-81.194167,,,,,,,,,,,,,,,,,,
,-5.01375,-81.200833,,,,,,,,,,,,,,,,,,
,-5.014306,-81.199167,,,,,,,,,,,,,,,,,,
,-5.014861,-81.198611,,,,,,,,,,,,,,,,,,
,-5.015139,-81.198611,,,,,,,,,,,,,,,,,,
,-5.015139,-81.198056,,,,,,,,,,,,,,,,,,
,-5.014583,-81.198056,,,,,,,,,,,,,,,,,,
,-5.026806,-81.211111,,,,,,,,,,,,,,,,,,
,-5.027917,-81.21,,,,,,,,,,,,,,,,,,
,-5.029306,-81.208611,,,,,,,,,,,,,,,,,,
,-5.030694,-81.208056,,,,,,,,,,,,,,,,,,
,-5.03125,-81.207778,,,,,,,,,,,,,,,,,,
,-5.032361,-81.207222,,,,,,,,,,,,,,,,,,
,-5.019861,-81.169167,,,,,,,,,,,,,,,,,,
,-5.020417,-81.168889,,,,,,,,,,,,,,,,,,
,-5.020417,-81.168889,,,,,,,,,,,,,,,,,,
,-5.019583,-81.169167,,,,,,,,,,,,,,,,,,
,-5.019028,-81.168889,,,,,,,,,,,,,,,,,,
,-5.017639,-81.168889,,,,,,,,,,,,,,,,,,
,-5.015972,-81.132222,,,,,,,,,,,,,,,,,,
,-5.016528,-81.131389,,,,,,,,,,,,,,,,,,
,-5.016528,-81.131667,,,,,,,,,,,,,,,,,,
,-5.01625,-81.131667,,,,,,,,,,,,,,,,,,
,-5.015972,-81.131667,,,,,,,,,,,,,,,,,,
,-5.015972,-81.131389,,,,,,,,,,,,,,,,,,
,-5.012083,-81.151667,,,,,,,,,,,,,,,,,,
,-5.013472,-81.151667,,,,,,,,,,,,,,,,,,
,-5.014583,-81.151944,,,,,,,,,,,,,,,,,,
,-5.015972,-81.151944,,,,,,,,,,,,,,,,,,
,-5.018194,-81.151111,,,,,,,,,,,,,,,,,,
,-5.019861,-81.150833,,,,,,,,,,,,,,,,,,
,-5.020694,-81.150556,,,,,,,,,,,,,,,,,,
,-5.020694,-81.150833,,,,,,,,,,,,,,,,,,
,-5.020694,-81.150833,,,,,,,,,,,,,,,,,,
,-5.020972,-81.150556,,,,,,,,,,,,,,,,,,
,-4.959583,-81.174444,,,,,,,,,,,,,,,,,,
,-4.960417,-81.174722,,,,,,,,,,,,,,,,,,
,-4.961806,-81.173889,,,,,,,,,,,,,,,,,,
,-4.963194,-81.173333,,,,,,,,,,,,,,,,,,
,-4.964028,-81.172778,,,,,,,,,,,,,,,,,,
,-4.964583,-81.1725,,,,,,,,,,,,,,,,,,
,-4.964861,-81.171944,,,,,,,,,,,,,,,,,,
,-4.965139,-81.171667,,,,,,,,,,,,,,,,,,
,-4.990139,-81.151389,,,,,,,,,,,,,,,,,,
,-4.99125,-81.150833,,,,,,,,,,,,,,,,,,
,-4.992361,-81.150278,,,,,,,,,,,,,,,,,,
,-4.993472,-81.149722,,,,,,,,,,,,,,,,,,
,-4.994306,-81.148889,,,,,,,,,,,,,,,,,,
,-4.995139,-81.148333,,,,,,,,,,,,,,,,,,
,-4.989583,-81.1375,,,,,,,,,,,,,,,,,,
,-4.99125,-81.136667,,,,,,,,,,,,,,,,,,
,-4.992083,-81.136111,,,,,,,,,,,,,,,,,,
,-4.992639,-81.135833,,,,,,,,,,,,,,,,,,
,-4.992917,-81.135833,,,,,,,,,,,,,,,,,,
,-4.993472,-81.135556,,,,,,,,,,,,,,,,,,
,-4.993194,-81.134722,,,,,,,,,,,,,,,,,,
,-4.99375,-81.136111,,,,,,,,,,,,,,,,,,
,-4.99625,-81.137222,,,,,,,,,,,,,,,,,,
,-4.997639,-81.137222,,,,,,,,,,,,,,,,,,
,-4.999306,-81.137222,,,,,,,,,,,,,,,,,,
,-5.000694,-81.137222,,,,,,,,,,,,,,,,,,
,-5.002083,-81.137222,,,,,,,,,,,,,,,,,,
,-4.970694,-81.165278,,,,,,,,,,,,,,,,,,
,-4.971528,-81.164167,,,,,,,,,,,,,,,,,,
,-4.972361,-81.163056,,,,,,,,,,,,,,,,,,
,-4.973472,-81.162222,,,,,,,,,,,,,,,,,,
,-4.974306,-81.161389,,,,,,,,,,,,,,,,,,
,-4.975417,-81.160556,,,,,,,,,,,,,,,,,,
,-4.97625,-81.159722,,,,,,,,,,,,,,,,,,
,-4.977083,-81.158889,,,,,,,,,,,,,,,,,,
,-4.980694,-81.158889,,,,,,,,,,,,,,,,,,
,-5.001528,-81.208056,,,,,,,,,,,,,,,,,,
,-5.000417,-81.210833,,,,,,,,,,,,,,,,,,
,-5.001806,-81.210833,,,,,,,,,,,,,,,,,,
,-5.002361,-81.211111,,,,,,,,,,,,,,,,,,
,-5.002639,-81.211111,,,,,,,,,,,,,,,,,,
,-5.002639,-81.211389,,,,,,,,,,,,,,,,,,
,-4.989583,-81.218333,,,,,,,,,,,,,,,,,,
,-4.992083,-81.218056,,,,,,,,,,,,,,,,,,
,-4.994306,-81.217778,,,,,,,,,,,,,,,,,,
,-4.996528,-81.217778,,,,,,,,,,,,,,,,,,
,-4.99875,-81.217222,,,,,,,,,,,,,,,,,,
,-5.00125,-81.216667,,,,,,,,,,,,,,,,,,
,-5.035417,-81.181667,,,,,,,,,,,,,,,,,,
,-5.037361,-81.181667,,,,,,,,,,,,,,,,,,
,-5.038472,-81.181667,,,,,,,,,,,,,,,,,,
,-5.039306,-81.181667,,,,,,,,,,,,,,,,,,
,-5.039861,-81.181667,,,,,,,,,,,,,,,,,,
,-5.040972,-81.181389,,,,,,,,,,,,,,,,,,
,-4.979028,-81.165833,,,,,,,,,,,,,,,,,,
,-4.980417,-81.165833,,,,,,,,,,,,,,,,,,
,-4.981528,-81.165833,,,,,,,,,,,,,,,,,,
,-4.982361,-81.165556,,,,,,,,,,,,,,,,,,
,-4.982917,-81.165556,,,,,,,,,,,,,,,,,,
,-4.983194,-81.165556,,,,,,,,,,,,,,,,,,
,-4.982917,-81.165278,,,,,,,,,,,,,,,,,,
,-5.001528,-81.193056,,,,,,,,,,,,,,,,,,
,-5.003472,-81.192778,,,,,,,,,,,,,,,,,,
,-5.004861,-81.1925,,,,,,,,,,,,,,,,,,
,-5.005139,-81.192222,,,,,,,,,,,,,,,,,,
,-5.005694,-81.1925,,,,,,,,,,,,,,,,,,
,-5.005972,-81.193611,,,,,,,,,,,,,,,,,,
,-5.024028,-81.226944,,,,,,,,,,,,,,,,,,
,-5.025139,-81.223611,,,,,,,,,,,,,,,,,,
,-5.026806,-81.221667,,,,,,,,,,,,,,,,,,
,-5.028194,-81.220833,,,,,,,,,,,,,,,,,,
,-5.029306,-81.22,,,,,,,,,,,,,,,,,,
,-5.030139,-81.220556,,,,,,,,,,,,,,,,,,
,-5.030417,-81.220556,,,,,,,,,,,,,,,,,,
,-5.006528,-81.165833,,,,,,,,,,,,,,,,,,
,-5.007083,-81.165278,,,,,,,,,,,,,,,,,,
,-5.006806,-81.165278,,,,,,,,,,,,,,,,,,
,-5.006806,-81.165278,,,,,,,,,,,,,,,,,,
,-5.00625,-81.165833,,,,,,,,,,,,,,,,,,
,-5.005139,-81.165833,,,,,,,,,,,,,,,,,,
,-5.004861,-81.166111,,,,,,,,,,,,,,,,,,
,-5.012083,-81.183056,,,,,,,,,,,,,,,,,,
,-5.012083,-81.180833,,,,,,,,,,,,,,,,,,
,-5.012361,-81.178333,,,,,,,,,,,,,,,,,,
,-5.012639,-81.171389,,,,,,,,,,,,,,,,,,
,-5.012361,-81.169167,,,,,,,,,,,,,,,,,,
,-5.010417,-81.158056,,,,,,,,,,,,,,,,,,
,-5.01125,-81.158056,,,,,,,,,,,,,,,,,,
,-5.013472,-81.156667,,,,,,,,,,,,,,,,,,
,-5.014861,-81.156667,,,,,,,,,,,,,,,,,,
,-5.01625,-81.156389,,,,,,,,,,,,,,,,,,
,-5.019028,-81.156111,,,,,,,,,,,,,,,,,,
,-5.020417,-81.156389,,,,,,,,,,,,,,,,,,
,-5.02125,-81.156667,,,,,,,,,,,,,,,,,,
,-5.021806,-81.156667,,,,,,,,,,,,,,,,,,
,-5.022083,-81.157222,,,,,,,,,,,,,,,,,,
,-5.0008,-81.2157,,,,,,,,,,,,,,,,,,
,-5.0022,-81.2158,,,,,,,,,,,,,,,,,,
,-5.0028,-81.215899,,,,,,,,,,,,,,,,,,
,-5.0035,-81.2156,,,,,,,,,,,,,,,,,,
,-5.0044,-81.2158,,,,,,,,,,,,,,,,,,
,-5.0051,-81.216099,,,,,,,,,,,,,,,,,,
,-5.0052,-81.215899,,,,,,,,,,,,,,,,,,
,-5.0076,-81.180099,,,,,,,,,,,,,,,,,,
,-5.009,-81.1805,,,,,,,,,,,,,,,,,,
,-5.01,-81.1805,,,,,,,,,,,,,,,,,,
,-5.01,-81.1807,,,,,,,,,,,,,,,,,,
,-5.0102,-81.1806,,,,,,,,,,,,,,,,,,
,-5.0102,-81.1807,,,,,,,,,,,,,,,,,,
,-5.0106,-81.1806,,,,,,,,,,,,,,,,,,
,-5.0799,-81.2332,,,,,,,,,,,,,,,,,,
,-5.0817,-81.2328,,,,,,,,,,,,,,,,,,
,-5.0833,-81.232899,,,,,,,,,,,,,,,,,,
,-5.084,-81.233,,,,,,,,,,,,,,,,,,
,-5.0846,-81.232599,,,,,,,,,,,,,,,,,,
,-5.0854,-81.2323,,,,,,,,,,,,,,,,,,
,-5.0857,-81.2318,,,,,,,,,,,,,,,,,,
,-5.0738,-81.237199,,,,,,,,,,,,,,,,,,
,-5.0758,-81.2364,,,,,,,,,,,,,,,,,,
,-5.0778,-81.2355,,,,,,,,,,,,,,,,,,
,-5.08,-81.2345,,,,,,,,,,,,,,,,,,
,-5.0818,-81.2334,,,,,,,,,,,,,,,,,,
,-5.083,-81.2334,,,,,,,,,,,,,,,,,,
,-5.0838,-81.233299,,,,,,,,,,,,,,,,,,
,-5.0843,-81.232899,,,,,,,,,,,,,,,,,,
,-5.0846,-81.2334,,,,,,,,,,,,,,,,,,
,-5.0114,-81.2294,,,,,,,,,,,,,,,,,,
,-5.013,-81.228799,,,,,,,,,,,,,,,,,,
,-5.0142,-81.2277,,,,,,,,,,,,,,,,,,
,-5.014,-81.2275,,,,,,,,,,,,,,,,,,
,-5.0141,-81.2271,,,,,,,,,,,,,,,,,,
,-5.0141,-81.226999,,,,,,,,,,,,,,,,,,
,-5.0142,-81.226299,,,,,,,,,,,,,,,,,,
,-5.0108,-81.212499,,,,,,,,,,,,,,,,,,
,-5.0123,-81.2124,,,,,,,,,,,,,,,,,,
,-5.0137,-81.2123,,,,,,,,,,,,,,,,,,
,-5.0143,-81.212499,,,,,,,,,,,,,,,,,,
,-5.0145,-81.2128,,,,,,,,,,,,,,,,,,
,-5.015,-81.213199,,,,,,,,,,,,,,,,,,
,-5.0152,-81.212899,,,,,,,,,,,,,,,,,,
,-5.0195,-81.202,,,,,,,,,,,,,,,,,,
,-5.0218,-81.202299,,,,,,,,,,,,,,,,,,
,-5.0239,-81.2024,,,,,,,,,,,,,,,,,,
,-5.0252,-81.202299,,,,,,,,,,,,,,,,,,
,-5.0257,-81.2028,,,,,,,,,,,,,,,,,,
,-5.0264,-81.202999,,,,,,,,,,,,,,,,,,
,-5.0267,-81.2028,,,,,,,,,,,,,,,,,,
,-4.9767,-81.175099,,,,,,,,,,,,,,,,,,
,-4.9762,-81.174199,,,,,,,,,,,,,,,,,,
,-4.9751,-81.1736,,,,,,,,,,,,,,,,,,
,-4.9742,-81.173,,,,,,,,,,,,,,,,,,
,-4.9732,-81.172399,,,,,,,,,,,,,,,,,,
,-4.9725,-81.1728,,,,,,,,,,,,,,,,,,
,-4.9718,-81.1729,,,,,,,,,,,,,,,,,,
,-4.9714,-81.173099,,,,,,,,,,,,,,,,,,
,-4.9709,-81.1737,,,,,,,,,,,,,,,,,,
,-4.9709,-81.1737,,,,,,,,,,,,,,,,,,
,-5.0158,-81.1361,,,,,,,,,,,,,,,,,,
,-5.0157,-81.1363,,,,,,,,,,,,,,,,,,
,-5.0157,-81.1369,,,,,,,,,,,,,,,,,,
,-5.0158,-81.137099,,,,,,,,,,,,,,,,,,
,-5.0155,-81.1378,,,,,,,,,,,,,,,,,,
,-5.0156,-81.1381,,,,,,,,,,,,,,,,,,
,-5.0156,-81.1379,,,,,,,,,,,,,,,,,,
,-4.9524,-81.221999,,,,,,,,,,,,,,,,,,
,-4.953,-81.221999,,,,,,,,,,,,,,,,,,
,-4.9535,-81.221799,,,,,,,,,,,,,,,,,,
,-4.9541,-81.2221,,,,,,,,,,,,,,,,,,
,-4.9543,-81.2226,,,,,,,,,,,,,,,,,,
,-4.9546,-81.222699,,,,,,,,,,,,,,,,,,
,-4.9548,-81.2226,,,,,,,,,,,,,,,,,,
,-4.9549,-81.221799,,,,,,,,,,,,,,,,,,
,-4.9931,-81.1762,,,,,,,,,,,,,,,,,,
,-4.9936,-81.1748,,,,,,,,,,,,,,,,,,
,-4.994,-81.174399,,,,,,,,,,,,,,,,,,
,-4.9941,-81.173999,,,,,,,,,,,,,,,,,,
,-4.9944,-81.173299,,,,,,,,,,,,,,,,,,
,-4.9947,-81.1729,,,,,,,,,,,,,,,,,,
,-4.9944,-81.172599,,,,,,,,,,,,,,,,,,
,-5.0148,-81.133899,,,,,,,,,,,,,,,,,,
,-5.0152,-81.1322,,,,,,,,,,,,,,,,,,
,-5.0155,-81.1308,,,,,,,,,,,,,,,,,,
,-5.0156,-81.1302,,,,,,,,,,,,,,,,,,
,-5.0161,-81.129799,,,,,,,,,,,,,,,,,,
,-5.016,-81.129399,,,,,,,,,,,,,,,,,,
,-5.0159,-81.1297,,,,,,,,,,,,,,,,,,
,-5.0069,-81.1378,,,,,,,,,,,,,,,,,,
,-5.0072,-81.1354,,,,,,,,,,,,,,,,,,
,-5.0077,-81.1331,,,,,,,,,,,,,,,,,,
,-5.0082,-81.131199,,,,,,,,,,,,,,,,,,
,-5.0081,-81.130299,,,,,,,,,,,,,,,,,,
,-5.008,-81.1297,,,,,,,,,,,,,,,,,,
,-5.0076,-81.1291,,,,,,,,,,,,,,,,,,
,-5.0074,-81.1295,,,,,,,,,,,,,,,,,,
,-4.9812,-81.195,,,,,,,,,,,,,,,,,,
,-4.9804,-81.1947,,,,,,,,,,,,,,,,,,
,-4.9794,-81.1943,,,,,,,,,,,,,,,,,,
,-4.9785,-81.1942,,,,,,,,,,,,,,,,,,
,-4.9772,-81.1947,,,,,,,,,,,,,,,,,,
,-4.9763,-81.1952,,,,,,,,,,,,,,,,,,
,-4.9753,-81.1956,,,,,,,,,,,,,,,,,,
,-4.9747,-81.195499,,,,,,,,,,,,,,,,,,
,-4.9783,-81.176499,,,,,,,,,,,,,,,,,,
,-4.9833,-81.1732,,,,,,,,,,,,,,,,,,
,-4.9831,-81.1725,,,,,,,,,,,,,,,,,,
,-4.9831,-81.171699,,,,,,,,,,,,,,,,,,
,-4.983,-81.170999,,,,,,,,,,,,,,,,,,
,-4.9828,-81.170799,,,,,,,,,,,,,,,,,,
,-4.9824,-81.171299,,,,,,,,,,,,,,,,,,
,-4.9821,-81.171499,,,,,,,,,,,,,,,,,,
,-4.9817,-81.1716,,,,,,,,,,,,,,,,,,
,-4.9813,-81.170999,,,,,,,,,,,,,,,,,,
,-5.0068,-81.145199,,,,,,,,,,,,,,,,,,
,-5.0067,-81.1447,,,,,,,,,,,,,,,,,,
,-5.0065,-81.1444,,,,,,,,,,,,,,,,,,
,-5.0062,-81.1447,,,,,,,,,,,,,,,,,,
,-5.0058,-81.144999,,,,,,,,,,,,,,,,,,
,-5.0057,-81.145199,,,,,,,,,,,,,,,,,,
,-5.0056,-81.1455,,,,,,,,,,,,,,,,,,
,-5.0055,-81.1453,,,,,,,,,,,,,,,,,,
,-4.9577,-81.2305,,,,,,,,,,,,,,,,,,
,-4.9584,-81.2302,,,,,,,,,,,,,,,,,,
,-4.9588,-81.229899,,,,,,,,,,,,,,,,,,
,-4.9593,-81.229499,,,,,,,,,,,,,,,,,,
,-4.9595,-81.2296,,,,,,,,,,,,,,,,,,
,-4.9596,-81.229499,,,,,,,,,,,,,,,,,,
,-4.9597,-81.229499,,,,,,,,,,,,,,,,,,
,-4.9599,-81.2293,,,,,,,,,,,,,,,,,,
,-4.96,-81.2291,,,,,,,,,,,,,,,,,,
,-4.9599,-81.2284,,,,,,,,,,,,,,,,,,
,-4.9588,-81.1838,,,,,,,,,,,,,,,,,,
,-4.9595,-81.184,,,,,,,,,,,,,,,,,,
,-4.9601,-81.184199,,,,,,,,,,,,,,,,,,
,-4.9604,-81.1841,,,,,,,,,,,,,,,,,,
,-4.9606,-81.184,,,,,,,,,,,,,,,,,,
,-4.9607,-81.1836,,,,,,,,,,,,,,,,,,
,-4.9609,-81.183299,,,,,,,,,,,,,,,,,,
,-4.9613,-81.182999,,,,,,,,,,,,,,,,,,
,-4.9615,-81.182599,,,,,,,,,,,,,,,,,,
,-4.9959,-81.197999,,,,,,,,,,,,,,,,,,
,-4.9973,-81.1976,,,,,,,,,,,,,,,,,,
,-4.9981,-81.1976,,,,,,,,,,,,,,,,,,
,-4.9985,-81.1976,,,,,,,,,,,,,,,,,,
,-4.9988,-81.1977,,,,,,,,,,,,,,,,,,
,-4.9992,-81.1977,,,,,,,,,,,,,,,,,,
,-4.9996,-81.197799,,,,,,,,,,,,,,,,,,
,-4.9997,-81.1976,,,,,,,,,,,,,,,,,,
,-5.0205,-81.226099,,,,,,,,,,,,,,,,,,
,-5.0221,-81.224699,,,,,,,,,,,,,,,,,,
,-5.0237,-81.2233,,,,,,,,,,,,,,,,,,
,-5.0256,-81.2223,,,,,,,,,,,,,,,,,,
,-5.0271,-81.221099,,,,,,,,,,,,,,,,,,
,-5.0282,-81.2207,,,,,,,,,,,,,,,,,,
,-5.0288,-81.2207,,,,,,,,,,,,,,,,,,
,-5.0297,-81.220599,,,,,,,,,,,,,,,,,,
,-5.0302,-81.2198,,,,,,,,,,,,,,,,,,
,-5.0142,-81.1657,,,,,,,,,,,,,,,,,,
,-5.0126,-81.1669,,,,,,,,,,,,,,,,,,
,-5.0132,-81.166699,,,,,,,,,,,,,,,,,,
,-5.0134,-81.166699,,,,,,,,,,,,,,,,,,
,-5.013,-81.166999,,,,,,,,,,,,,,,,,,
,-5.0124,-81.1669,,,,,,,,,,,,,,,,,,
,-5.0118,-81.166999,,,,,,,,,,,,,,,,,,
,-5.0108,-81.1668,,,,,,,,,,,,,,,,,,
,-5.005,-81.154999,,,,,,,,,,,,,,,,,,
,-5.0061,-81.1549,,,,,,,,,,,,,,,,,,
,-5.0072,-81.1549,,,,,,,,,,,,,,,,,,
,-5.0084,-81.154699,,,,,,,,,,,,,,,,,,
,-5.0097,-81.1544,,,,,,,,,,,,,,,,,,
,-5.0108,-81.1544,,,,,,,,,,,,,,,,,,
,-5.0119,-81.154699,,,,,,,,,,,,,,,,,,
,-5.013,-81.1549,,,,,,,,,,,,,,,,,,
,-5.0142,-81.1549,,,,,,,,,,,,,,,,,,
,-5.0154,-81.1546,,,,,,,,,,,,,,,,,,
,-5.0165,-81.154499,,,,,,,,,,,,,,,,,,
,-5.0172,-81.1542,,,,,,,,,,,,,,,,,,
,-5.0179,-81.1544,,,,,,,,,,,,,,,,,,
,-5.0183,-81.154499,,,,,,,,,,,,,,,,,,
,-5.0188,-81.1546,,,,,,,,,,,,,,,,,,
,-5.0189,-81.1544,,,,,,,,,,,,,,,,,,
,-5.0191,-81.154499,,,,,,,,,,,,,,,,,,
,-5.0193,-81.1542,,,,,,,,,,,,,,,,,,
,-5.0198,-81.1542,,,,,,,,,,,,,,,,,,
,-5.0199,-81.1539,,,,,,,,,,,,,,,,,,
,-4.9588,-81.1739,,,,,,,,,,,,,,,,,,
,-4.9597,-81.1732,,,,,,,,,,,,,,,,,,
,-4.9606,-81.1727,,,,,,,,,,,,,,,,,,
,-4.9614,-81.172199,,,,,,,,,,,,,,,,,,
,-4.9623,-81.1718,,,,,,,,,,,,,,,,,,
,-4.9634,-81.1712,,,,,,,,,,,,,,,,,,
,-4.9645,-81.170399,,,,,,,,,,,,,,,,,,
,-4.9653,-81.17,,,,,,,,,,,,,,,,,,
,-4.9657,-81.1698,,,,,,,,,,,,,,,,,,
,-4.9659,-81.1698,,,,,,,,,,,,,,,,,,
,-4.9665,-81.1695,,,,,,,,,,,,,,,,,,
,-4.9668,-81.168999,,,,,,,,,,,,,,,,,,
,-5.0061,-81.1284,,,,,,,,,,,,,,,,,,
,-5.0066,-81.1277,,,,,,,,,,,,,,,,,,
,-5.007,-81.1275,,,,,,,,,,,,,,,,,,
,-5.0073,-81.1274,,,,,,,,,,,,,,,,,,
,-5.0074,-81.127299,,,,,,,,,,,,,,,,,,
,-5.0076,-81.127299,,,,,,,,,,,,,,,,,,
,-5.0074,-81.1277,,,,,,,,,,,,,,,,,,
,-4.999028,-81.210833,,,,,,,,,,,,,,,,,,
,-5.000694,-81.211389,,,,,,,,,,,,,,,,,,
,-5.002083,-81.211389,,,,,,,,,,,,,,,,,,
,-5.002917,-81.211667,,,,,,,,,,,,,,,,,,
,-5.003194,-81.211667,,,,,,,,,,,,,,,,,,
,-5.003472,-81.211667,,,,,,,,,,,,,,,,,,
,-5.00375,-81.211667,,,,,,,,,,,,,,,,,,
,-5.020139,-81.189444,,,,,,,,,,,,,,,,,,
,-5.02125,-81.19,,,,,,,,,,,,,,,,,,
,-5.022083,-81.190556,,,,,,,,,,,,,,,,,,
,-5.022083,-81.191111,,,,,,,,,,,,,,,,,,
,-5.022083,-81.191389,,,,,,,,,,,,,,,,,,
,-5.022083,-81.191667,,,,,,,,,,,,,,,,,,
,-5.022083,-81.191944,,,,,,,,,,,,,,,,,,
,-5.017361,-81.194722,,,,,,,,,,,,,,,,,,
,-5.019583,-81.194167,,,,,,,,,,,,,,,,,,
,-5.021806,-81.193611,,,,,,,,,,,,,,,,,,
,-5.024306,-81.192778,,,,,,,,,,,,,,,,,,
,-5.025972,-81.192222,,,,,,,,,,,,,,,,,,
,-5.027639,-81.191667,,,,,,,,,,,,,,,,,,
,-5.02875,-81.191667,,,,,,,,,,,,,,,,,,
,-5.029583,-81.191667,,,,,,,,,,,,,,,,,,
,-5.029861,-81.192222,,,,,,,,,,,,,,,,,,
,-5.013194,-81.1475,,,,,,,,,,,,,,,,,,
,-5.01375,-81.145278,,,,,,,,,,,,,,,,,,
,-5.014028,-81.142778,,,,,,,,,,,,,,,,,,
,-5.014583,-81.140833,,,,,,,,,,,,,,,,,,
,-5.015139,-81.138611,,,,,,,,,,,,,,,,,,
,-5.015694,-81.136389,,,,,,,,,,,,,,,,,,
,-5.015972,-81.133889,,,,,,,,,,,,,,,,,,
,-5.015972,-81.131389,,,,,,,,,,,,,,,,,,
,-4.994306,-81.197778,,,,,,,,,,,,,,,,,,
,-4.99625,-81.197222,,,,,,,,,,,,,,,,,,
,-4.997917,-81.196667,,,,,,,,,,,,,,,,,,
,-4.999028,-81.196389,,,,,,,,,,,,,,,,,,
,-4.999861,-81.196389,,,,,,,,,,,,,,,,,,
,-5.000417,-81.196389,,,,,,,,,,,,,,,,,,
,-5.000972,-81.196111,,,,,,,,,,,,,,,,,,
,-5.001528,-81.196111,,,,,,,,,,,,,,,,,,
,-5.001806,-81.196111,,,,,,,,,,,,,,,,,,
,-5.065694,-81.245,,,,,,,,,,,,,,,,,,
,-5.066806,-81.243889,,,,,,,,,,,,,,,,,,
,-5.068194,-81.242778,,,,,,,,,,,,,,,,,,
,-5.069861,-81.241667,,,,,,,,,,,,,,,,,,
,-5.071528,-81.240833,,,,,,,,,,,,,,,,,,
,-5.072917,-81.239722,,,,,,,,,,,,,,,,,,
,-5.074583,-81.238889,,,,,,,,,,,,,,,,,,
,-5.07625,-81.237778,,,,,,,,,,,,,,,,,,
,-5.014861,-81.133056,,,,,,,,,,,,,,,,,,
,-5.014861,-81.133333,,,,,,,,,,,,,,,,,,
,-5.014583,-81.133889,,,,,,,,,,,,,,,,,,
,-5.014583,-81.134444,,,,,,,,,,,,,,,,,,
,-5.014306,-81.134722,,,,,,,,,,,,,,,,,,
,-5.014306,-81.135,,,,,,,,,,,,,,,,,,
,-4.96125,-81.178889,,,,,,,,,,,,,,,,,,
,-4.960972,-81.178889,,,,,,,,,,,,,,,,,,
,-4.960417,-81.178611,,,,,,,,,,,,,,,,,,
,-4.959583,-81.178333,,,,,,,,,,,,,,,,,,
,-4.959028,-81.178333,,,,,,,,,,,,,,,,,,
,-4.95875,-81.178333,,,,,,,,,,,,,,,,,,
,-4.987639,-81.161944,,,,,,,,,,,,,,,,,,
,-4.987639,-81.161944,,,,,,,,,,,,,,,,,,
,-4.987361,-81.161944,,,,,,,,,,,,,,,,,,
,-4.987361,-81.161944,,,,,,,,,,,,,,,,,,
,-4.987361,-81.161944,,,,,,,,,,,,,,,,,,
,-4.987639,-81.161944,,,,,,,,,,,,,,,,,,
,-4.987639,-81.161667,,,,,,,,,,,,,,,,,,
,-5.007083,-81.205,,,,,,,,,,,,,,,,,,
,-5.008194,-81.208611,,,,,,,,,,,,,,,,,,
,-5.009861,-81.208889,,,,,,,,,,,,,,,,,,
,-5.01125,-81.209167,,,,,,,,,,,,,,,,,,
,-5.012917,-81.209444,,,,,,,,,,,,,,,,,,
,-5.014028,-81.21,,,,,,,,,,,,,,,,,,
,-5.014583,-81.210278,,,,,,,,,,,,,,,,,,
,-5.015417,-81.21,,,,,,,,,,,,,,,,,,
,-5.015694,-81.21,,,,,,,,,,,,,,,,,,
,-5.015417,-81.21,,,,,,,,,,,,,,,,,,
,-5.015972,-81.21,,,,,,,,,,,,,,,,,,
,-5.01625,-81.21,,,,,,,,,,,,,,,,,,
,-5.066806,-81.194444,,,,,,,,,,,,,,,,,,
,-5.068472,-81.194167,,,,,,,,,,,,,,,,,,
,-5.069306,-81.193889,,,,,,,,,,,,,,,,,,
,-5.069861,-81.194167,,,,,,,,,,,,,,,,,,
,-5.070139,-81.193889,,,,,,,,,,,,,,,,,,
,-5.070139,-81.193889,,,,,,,,,,,,,,,,,,
,-5.070417,-81.193333,,,,,,,,,,,,,,,,,,
,-5.0019,-81.2001,,,,,,,,,,,,,,,,,,
,-5.0031,-81.1999,,,,,,,,,,,,,,,,,,
,-5.0043,-81.199799,,,,,,,,,,,,,,,,,,
,-5.0053,-81.1997,,,,,,,,,,,,,,,,,,
,-5.0057,-81.1999,,,,,,,,,,,,,,,,,,
,-5.0057,-81.2003,,,,,,,,,,,,,,,,,,
,-5.006,-81.200499,,,,,,,,,,,,,,,,,,
,-5.006,-81.200699,,,,,,,,,,,,,,,,,,
,-5.0065,-81.2003,,,,,,,,,,,,,,,,,,
,-5.0176,-81.1847,,,,,,,,,,,,,,,,,,
,-5.0187,-81.185,,,,,,,,,,,,,,,,,,
,-5.0197,-81.1854,,,,,,,,,,,,,,,,,,
,-5.0203,-81.1857,,,,,,,,,,,,,,,,,,
,-5.0203,-81.1857,,,,,,,,,,,,,,,,,,
,-5.0202,-81.186199,,,,,,,,,,,,,,,,,,
,-5.0202,-81.1863,,,,,,,,,,,,,,,,,,
,-5.0201,-81.1865,,,,,,,,,,,,,,,,,,
,-5.0204,-81.1859,,,,,,,,,,,,,,,,,,
,-5.0854,-81.2294,,,,,,,,,,,,,,,,,,
,-5.087,-81.228599,,,,,,,,,,,,,,,,,,
,-5.0884,-81.2282,,,,,,,,,,,,,,,,,,
,-5.0891,-81.2276,,,,,,,,,,,,,,,,,,
,-5.0896,-81.227399,,,,,,,,,,,,,,,,,,
,-5.0903,-81.2273,,,,,,,,,,,,,,,,,,
,-5.0907,-81.226999,,,,,,,,,,,,,,,,,,
,-5.0912,-81.2266,,,,,,,,,,,,,,,,,,
,-4.9786,-81.1652,,,,,,,,,,,,,,,,,,
,-4.98,-81.1652,,,,,,,,,,,,,,,,,,
,-4.9815,-81.1651,,,,,,,,,,,,,,,,,,
,-4.983,-81.1652,,,,,,,,,,,,,,,,,,
,-4.9844,-81.1651,,,,,,,,,,,,,,,,,,
,-4.986,-81.1652,,,,,,,,,,,,,,,,,,
,-4.9876,-81.165399,,,,,,,,,,,,,,,,,,
,-4.9892,-81.165799,,,,,,,,,,,,,,,,,,
,-4.9908,-81.166299,,,,,,,,,,,,,,,,,,
,-4.9924,-81.1666,,,,,,,,,,,,,,,,,,
,-4.9941,-81.166999,,,,,,,,,,,,,,,,,,
,-4.9959,-81.1673,,,,,,,,,,,,,,,,,,
,-4.9977,-81.1675,,,,,,,,,,,,,,,,,,
,-4.9995,-81.1678,,,,,,,,,,,,,,,,,,
,-5.0012,-81.167899,,,,,,,,,,,,,,,,,,
,-5.0029,-81.1678,,,,,,,,,,,,,,,,,,
,-5.0048,-81.1678,,,,,,,,,,,,,,,,,,
,-5.0068,-81.167899,,,,,,,,,,,,,,,,,,
,-5.0086,-81.167899,,,,,,,,,,,,,,,,,,
,-5.0105,-81.168299,,,,,,,,,,,,,,,,,,
,-5.0061,-81.1342,,,,,,,,,,,,,,,,,,
,-5.0085,-81.1345,,,,,,,,,,,,,,,,,,
,-5.0111,-81.135299,,,,,,,,,,,,,,,,,,
,-5.0126,-81.136199,,,,,,,,,,,,,,,,,,
,-5.0135,-81.137299,,,,,,,,,,,,,,,,,,
,-5.015,-81.1383,,,,,,,,,,,,,,,,,,
,-5.0161,-81.138399,,,,,,,,,,,,,,,,,,
,-4.973,-81.165799,,,,,,,,,,,,,,,,,,
,-4.9729,-81.1651,,,,,,,,,,,,,,,,,,
,-4.9732,-81.164499,,,,,,,,,,,,,,,,,,
,-4.9735,-81.163999,,,,,,,,,,,,,,,,,,
,-4.9735,-81.1637,,,,,,,,,,,,,,,,,,
,-4.9731,-81.1641,,,,,,,,,,,,,,,,,,
,-4.9728,-81.1646,,,,,,,,,,,,,,,,,,
,-4.9722,-81.165,,,,,,,,,,,,,,,,,,
,-4.972,-81.1655,,,,,,,,,,,,,,,,,,
,-4.9714,-81.1653,,,,,,,,,,,,,,,,,,
,-4.9471,-81.199,,,,,,,,,,,,,,,,,,
,-4.9477,-81.1985,,,,,,,,,,,,,,,,,,
,-4.9482,-81.1981,,,,,,,,,,,,,,,,,,
,-4.9487,-81.197799,,,,,,,,,,,,,,,,,,
,-4.9487,-81.1974,,,,,,,,,,,,,,,,,,
,-4.9489,-81.1972,,,,,,,,,,,,,,,,,,
,-4.949,-81.1967,,,,,,,,,,,,,,,,,,
,-4.9493,-81.1963,,,,,,,,,,,,,,,,,,
,-4.9496,-81.195299,,,,,,,,,,,,,,,,,,
,-4.9816,-81.1539,,,,,,,,,,,,,,,,,,
,-4.9824,-81.1542,,,,,,,,,,,,,,,,,,
,-4.983,-81.154299,,,,,,,,,,,,,,,,,,
,-4.9833,-81.1541,,,,,,,,,,,,,,,,,,
,-4.9834,-81.1542,,,,,,,,,,,,,,,,,,
,-4.9835,-81.1541,,,,,,,,,,,,,,,,,,
,-4.9836,-81.1541,,,,,,,,,,,,,,,,,,
,-4.9839,-81.1533,,,,,,,,,,,,,,,,,,
,-5.0152,-81.168099,,,,,,,,,,,,,,,,,,
,-5.016,-81.166699,,,,,,,,,,,,,,,,,,
,-5.0164,-81.166099,,,,,,,,,,,,,,,,,,
,-5.0165,-81.166,,,,,,,,,,,,,,,,,,
,-5.0165,-81.1655,,,,,,,,,,,,,,,,,,
,-5.0167,-81.1652,,,,,,,,,,,,,,,,,,
,-5.0169,-81.1644,,,,,,,,,,,,,,,,,,
,-4.9975,-81.2036,,,,,,,,,,,,,,,,,,
,-4.9992,-81.203199,,,,,,,,,,,,,,,,,,
,-5.0005,-81.2027,,,,,,,,,,,,,,,,,,
,-5.001,-81.2027,,,,,,,,,,,,,,,,,,
,-5.0013,-81.202499,,,,,,,,,,,,,,,,,,
,-5.0013,-81.2028,,,,,,,,,,,,,,,,,,
,-5.0019,-81.2022,,,,,,,,,,,,,,,,,,
,-5.0265,-81.225,,,,,,,,,,,,,,,,,,
,-5.0282,-81.223799,,,,,,,,,,,,,,,,,,
,-5.0301,-81.222699,,,,,,,,,,,,,,,,,,
,-5.0309,-81.221999,,,,,,,,,,,,,,,,,,
,-5.0313,-81.2219,,,,,,,,,,,,,,,,,,
,-5.032,-81.2217,,,,,,,,,,,,,,,,,,
,-5.0324,-81.221499,,,,,,,,,,,,,,,,,,
,-5.0092,-81.1388,,,,,,,,,,,,,,,,,,
,-5.0098,-81.1378,,,,,,,,,,,,,,,,,,
,-5.01,-81.1374,,,,,,,,,,,,,,,,,,
,-5.0099,-81.137499,,,,,,,,,,,,,,,,,,
,-5.0098,-81.1376,,,,,,,,,,,,,,,,,,
,-5.0096,-81.1379,,,,,,,,,,,,,,,,,,
,-5.0092,-81.137999,,,,,,,,,,,,,,,,,,
,-5.0087,-81.1379,,,,,,,,,,,,,,,,,,
,-5.0147,-81.1397,,,,,,,,,,,,,,,,,,
,-5.0149,-81.138399,,,,,,,,,,,,,,,,,,
,-5.0185,-81.1347,,,,,,,,,,,,,,,,,,
,-5.0187,-81.1343,,,,,,,,,,,,,,,,,,
,-5.0185,-81.1343,,,,,,,,,,,,,,,,,,
,-5.0184,-81.134099,,,,,,,,,,,,,,,,,,
,-5.0182,-81.1333,,,,,,,,,,,,,,,,,,
,-4.9916,-81.1521,,,,,,,,,,,,,,,,,,
,-4.9923,-81.152699,,,,,,,,,,,,,,,,,,
,-4.9932,-81.1531,,,,,,,,,,,,,,,,,,
,-4.9939,-81.153599,,,,,,,,,,,,,,,,,,
,-4.9948,-81.1542,,,,,,,,,,,,,,,,,,
,-4.9958,-81.1549,,,,,,,,,,,,,,,,,,
,-4.9969,-81.155899,,,,,,,,,,,,,,,,,,
,-4.9981,-81.1571,,,,,,,,,,,,,,,,,,
,-4.9995,-81.1585,,,,,,,,,,,,,,,,,,
,-5.0008,-81.1598,,,,,,,,,,,,,,,,,,
,-5.002,-81.161099,,,,,,,,,,,,,,,,,,
,-5.0033,-81.1621,,,,,,,,,,,,,,,,,,
,-5.0046,-81.163099,,,,,,,,,,,,,,,,,,
,-5.019583,-81.218056,,,,,,,,,,,,,,,,,,
,-5.020139,-81.216389,,,,,,,,,,,,,,,,,,
,-5.020694,-81.215278,,,,,,,,,,,,,,,,,,
,-5.02125,-81.215,,,,,,,,,,,,,,,,,,
,-5.021528,-81.214444,,,,,,,,,,,,,,,,,,
,-5.021806,-81.214167,,,,,,,,,,,,,,,,,,
,-5.021806,-81.213611,,,,,,,,,,,,,,,,,,
,-5.020139,-81.210833,,,,,,,,,,,,,,,,,,
,-5.021528,-81.210278,,,,,,,,,,,,,,,,,,
,-5.022917,-81.209167,,,,,,,,,,,,,,,,,,
,-5.024028,-81.208056,,,,,,,,,,,,,,,,,,
,-5.025417,-81.206667,,,,,,,,,,,,,,,,,,
,-5.026528,-81.205833,,,,,,,,,,,,,,,,,,
,-5.027917,-81.205556,,,,,,,,,,,,,,,,,,
,-5.028472,-81.205,,,,,,,,,,,,,,,,,,
,-5.029583,-81.204722,,,,,,,,,,,,,,,,,,
,-5.029861,-81.204167,,,,,,,,,,,,,,,,,,
,-4.975139,-81.221111,,,,,,,,,,,,,,,,,,
,-4.976528,-81.219722,,,,,,,,,,,,,,,,,,
,-4.978194,-81.218333,,,,,,,,,,,,,,,,,,
,-4.980139,-81.216944,,,,,,,,,,,,,,,,,,
,-4.981806,-81.215556,,,,,,,,,,,,,,,,,,
,-4.983472,-81.214444,,,,,,,,,,,,,,,,,,
,-4.985417,-81.213056,,,,,,,,,,,,,,,,,,
,-4.987639,-81.211389,,,,,,,,,,,,,,,,,,
,-4.989306,-81.21,,,,,,,,,,,,,,,,,,
,-4.99125,-81.208611,,,,,,,,,,,,,,,,,,
,-4.992917,-81.2075,,,,,,,,,,,,,,,,,,
,-4.995139,-81.206111,,,,,,,,,,,,,,,,,,
,-4.997083,-81.204444,,,,,,,,,,,,,,,,,,
,-4.999583,-81.203056,,,,,,,,,,,,,,,,,,
,-5.010694,-81.205,,,,,,,,,,,,,,,,,,
,-5.012083,-81.205278,,,,,,,,,,,,,,,,,,
,-5.01375,-81.205556,,,,,,,,,,,,,,,,,,
,-5.014306,-81.205833,,,,,,,,,,,,,,,,,,
,-5.014583,-81.205833,,,,,,,,,,,,,,,,,,
,-5.015139,-81.206111,,,,,,,,,,,,,,,,,,
,-5.015139,-81.206111,,,,,,,,,,,,,,,,,,
,-5.005694,-81.134167,,,,,,,,,,,,,,,,,,
,-5.009306,-81.134722,,,,,,,,,,,,,,,,,,
,-5.011806,-81.135833,,,,,,,,,,,,,,,,,,
,-5.013472,-81.136944,,,,,,,,,,,,,,,,,,
,-5.015139,-81.138056,,,,,,,,,,,,,,,,,,
,-5.01625,-81.138333,,,,,,,,,,,,,,,,,,
,-4.950972,-81.183611,,,,,,,,,,,,,,,,,,
,-4.951528,-81.183611,,,,,,,,,,,,,,,,,,
,-4.951806,-81.183333,,,,,,,,,,,,,,,,,,
,-4.952083,-81.183333,,,,,,,,,,,,,,,,,,
,-4.952361,-81.183333,,,,,,,,,,,,,,,,,,
,-4.952639,-81.182778,,,,,,,,,,,,,,,,,,
,-4.952917,-81.182778,,,,,,,,,,,,,,,,,,
,-4.953472,-81.182222,,,,,,,,,,,,,,,,,,
,-4.984861,-81.137222,,,,,,,,,,,,,,,,,,
,-4.985972,-81.1375,,,,,,,,,,,,,,,,,,
,-4.986528,-81.138056,,,,,,,,,,,,,,,,,,
,-4.986806,-81.138333,,,,,,,,,,,,,,,,,,
,-4.987083,-81.138333,,,,,,,,,,,,,,,,,,
,-4.987361,-81.138611,,,,,,,,,,,,,,,,,,
,-4.987361,-81.138056,,,,,,,,,,,,,,,,,,
,-5.0622,-81.231299,,,,,,,,,,,,,,,,,,
,-5.0646,-81.2303,,,,,,,,,,,,,,,,,,
,-5.0669,-81.2294,,,,,,,,,,,,,,,,,,
,-5.0681,-81.2291,,,,,,,,,,,,,,,,,,
,-5.0689,-81.2289,,,,,,,,,,,,,,,,,,
,-5.0694,-81.2287,,,,,,,,,,,,,,,,,,
,-5.0694,-81.2284,,,,,,,,,,,,,,,,,,
,-4.9901,-81.148599,,,,,,,,,,,,,,,,,,
,-4.9908,-81.1471,,,,,,,,,,,,,,,,,,
,-4.9928,-81.1471,,,,,,,,,,,,,,,,,,
,-4.9949,-81.147299,,,,,,,,,,,,,,,,,,
,-4.9971,-81.1474,,,,,,,,,,,,,,,,,,
,-4.9993,-81.147699,,,,,,,,,,,,,,,,,,
,-5.0017,-81.148199,,,,,,,,,,,,,,,,,,
,-5.0039,-81.1487,,,,,,,,,,,,,,,,,,
,-5.0062,-81.149099,,,,,,,,,,,,,,,,,,
,-5.0085,-81.1494,,,,,,,,,,,,,,,,,,
,-5.0109,-81.149299,,,,,,,,,,,,,,,,,,
,-5.0134,-81.1492,,,,,,,,,,,,,,,,,,
,-5.0116,-81.1281,,,,,,,,,,,,,,,,,,
,-5.0085,-81.1257,,,,,,,,,,,,,,,,,,
,-5.01,-81.1252,,,,,,,,,,,,,,,,,,
,-5.011,-81.124399,,,,,,,,,,,,,,,,,,
,-5.0138,-81.1254,,,,,,,,,,,,,,,,,,
,-5.0156,-81.1265,,,,,,,,,,,,,,,,,,
,-5.0169,-81.1279,,,,,,,,,,,,,,,,,,
,-5.0183,-81.1291,,,,,,,,,,,,,,,,,,
,-4.963,-81.216299,,,,,,,,,,,,,,,,,,
,-4.9606,-81.2185,,,,,,,,,,,,,,,,,,
,-4.9612,-81.218099,,,,,,,,,,,,,,,,,,
,-4.9617,-81.2178,,,,,,,,,,,,,,,,,,
,-4.9619,-81.217899,,,,,,,,,,,,,,,,,,
,-4.962,-81.2178,,,,,,,,,,,,,,,,,,
,-4.9619,-81.217699,,,,,,,,,,,,,,,,,,
,-4.9622,-81.2176,,,,,,,,,,,,,,,,,,
,-4.962,-81.2169,,,,,,,,,,,,,,,,,,
,-4.9611,-81.215199,,,,,,,,,,,,,,,,,,
,-4.9566,-81.2105,,,,,,,,,,,,,,,,,,
,-4.9567,-81.209799,,,,,,,,,,,,,,,,,,
,-4.9568,-81.209099,,,,,,,,,,,,,,,,,,
,-4.9569,-81.2085,,,,,,,,,,,,,,,,,,
,-4.9566,-81.2078,,,,,,,,,,,,,,,,,,
,-4.9567,-81.207299,,,,,,,,,,,,,,,,,,
,-4.957,-81.2062,,,,,,,,,,,,,,,,,,
,-4.9632,-81.1696,,,,,,,,,,,,,,,,,,
,-4.9634,-81.1696,,,,,,,,,,,,,,,,,,
,-4.9636,-81.1694,,,,,,,,,,,,,,,,,,
,-4.9636,-81.168999,,,,,,,,,,,,,,,,,,
,-4.9636,-81.168799,,,,,,,,,,,,,,,,,,
,-4.9637,-81.1686,,,,,,,,,,,,,,,,,,
,-4.9637,-81.1685,,,,,,,,,,,,,,,,,,
,-4.9633,-81.1686,,,,,,,,,,,,,,,,,,
,-4.9627,-81.1689,,,,,,,,,,,,,,,,,,
,-4.9622,-81.1689,,,,,,,,,,,,,,,,,,
,-4.9616,-81.168999,,,,,,,,,,,,,,,,,,
,-4.9611,-81.1691,,,,,,,,,,,,,,,,,,
,-5.022917,-81.206111,,,,,,,,,,,,,,,,,,
,-5.024306,-81.205833,,,,,,,,,,,,,,,,,,
,-5.025417,-81.204722,,,,,,,,,,,,,,,,,,
,-5.026806,-81.203333,,,,,,,,,,,,,,,,,,
,-5.027917,-81.202222,,,,,,,,,,,,,,,,,,
,-5.029306,-81.200556,,,,,,,,,,,,,,,,,,
,-5.030694,-81.199167,,,,,,,,,,,,,,,,,,
,-5.031806,-81.198056,,,,,,,,,,,,,,,,,,
,-5.032639,-81.1975,,,,,,,,,,,,,,,,,,
,-5.03375,-81.197222,,,,,,,,,,,,,,,,,,
,-5.034861,-81.197222,,,,,,,,,,,,,,,,,,
,-5.035417,-81.197222,,,,,,,,,,,,,,,,,,
,-5.035694,-81.1975,,,,,,,,,,,,,,,,,,
,-5.020972,-81.218611,,,,,,,,,,,,,,,,,,
,-5.022639,-81.2175,,,,,,,,,,,,,,,,,,
,-5.024861,-81.216944,,,,,,,,,,,,,,,,,,
,-5.026528,-81.216667,,,,,,,,,,,,,,,,,,
,-5.027361,-81.216389,,,,,,,,,,,,,,,,,,
,-5.027917,-81.216667,,,,,,,,,,,,,,,,,,
,-5.02875,-81.216111,,,,,,,,,,,,,,,,,,
,-5.029583,-81.215833,,,,,,,,,,,,,,,,,,
,-5.030972,-81.215556,,,,,,,,,,,,,,,,,,
,-4.984861,-81.193333,,,,,,,,,,,,,,,,,,
,-4.984028,-81.193056,,,,,,,,,,,,,,,,,,
,-4.982917,-81.1925,,,,,,,,,,,,,,,,,,
,-4.982083,-81.191389,,,,,,,,,,,,,,,,,,
,-4.980972,-81.191944,,,,,,,,,,,,,,,,,,
,-4.980139,-81.191944,,,,,,,,,,,,,,,,,,
,-4.979028,-81.1925,,,,,,,,,,,,,,,,,,
,-4.978194,-81.1925,,,,,,,,,,,,,,,,,,
,-4.977639,-81.1925,,,,,,,,,,,,,,,,,,
,-4.985417,-81.172222,,,,,,,,,,,,,,,,,,
,-4.987083,-81.171667,,,,,,,,,,,,,,,,,,
,-4.987083,-81.170833,,,,,,,,,,,,,,,,,,
,-4.987361,-81.170278,,,,,,,,,,,,,,,,,,
,-4.986806,-81.170833,,,,,,,,,,,,,,,,,,
,-4.986528,-81.171111,,,,,,,,,,,,,,,,,,
,-4.985972,-81.171389,,,,,,,,,,,,,,,,,,
,-4.985694,-81.171111,,,,,,,,,,,,,,,,,,
,-5.016528,-81.143889,,,,,,,,,,,,,,,,,,
,-5.017361,-81.143611,,,,,,,,,,,,,,,,,,
,-5.017639,-81.143333,,,,,,,,,,,,,,,,,,
,-5.017361,-81.143611,,,,,,,,,,,,,,,,,,
,-5.017083,-81.143889,,,,,,,,,,,,,,,,,,
,-5.017083,-81.144167,,,,,,,,,,,,,,,,,,
,-5.017083,-81.144444,,,,,,,,,,,,,,,,,,
,-5.016806,-81.144444,,,,,,,,,,,,,,,,,,
,-4.949028,-81.219444,,,,,,,,,,,,,,,,,,
,-4.949861,-81.219722,,,,,,,,,,,,,,,,,,
,-4.950139,-81.22,,,,,,,,,,,,,,,,,,
,-4.950139,-81.219722,,,,,,,,,,,,,,,,,,
,-4.950139,-81.219444,,,,,,,,,,,,,,,,,,
,-4.950417,-81.218889,,,,,,,,,,,,,,,,,,
,-4.950139,-81.2175,,,,,,,,,,,,,,,,,,
,-4.981806,-81.150833,,,,,,,,,,,,,,,,,,
,-4.982639,-81.151111,,,,,,,,,,,,,,,,,,
,-4.98375,-81.151667,,,,,,,,,,,,,,,,,,
,-4.984306,-81.152222,,,,,,,,,,,,,,,,,,
,-4.984583,-81.152222,,,,,,,,,,,,,,,,,,
,-4.984583,-81.152222,,,,,,,,,,,,,,,,,,
,-4.984861,-81.152222,,,,,,,,,,,,,,,,,,
,-4.985139,-81.152222,,,,,,,,,,,,,,,,,,
,-4.985417,-81.151667,,,,,,,,,,,,,,,,,,
,-5.015417,-81.181111,,,,,,,,,,,,,,,,,,
,-5.016806,-81.180556,,,,,,,,,,,,,,,,,,
,-5.017917,-81.179722,,,,,,,,,,,,,,,,,,
,-5.018194,-81.179444,,,,,,,,,,,,,,,,,,
,-5.018194,-81.179722,,,,,,,,,,,,,,,,,,
,-5.018472,-81.179722,,,,,,,,,,,,,,,,,,
,-5.018194,-81.18,,,,,,,,,,,,,,,,,,
,-4.98375,-81.193611,,,,,,,,,,,,,,,,,,
,-4.985694,-81.193056,,,,,,,,,,,,,,,,,,
,-4.986528,-81.193056,,,,,,,,,,,,,,,,,,
,-4.987083,-81.193333,,,,,,,,,,,,,,,,,,
,-4.987361,-81.193056,,,,,,,,,,,,,,,,,,
,-4.987639,-81.193333,,,,,,,,,,,,,,,,,,
,-4.987917,-81.193333,,,,,,,,,,,,,,,,,,
,-5.027361,-81.215278,,,,,,,,,,,,,,,,,,
,-5.029028,-81.213889,,,,,,,,,,,,,,,,,,
,-5.030694,-81.213056,,,,,,,,,,,,,,,,,,
,-5.032083,-81.212222,,,,,,,,,,,,,,,,,,
,-5.032917,-81.2125,,,,,,,,,,,,,,,,,,
,-5.034028,-81.2125,,,,,,,,,,,,,,,,,,
,-5.034583,-81.212222,,,,,,,,,,,,,,,,,,
,-5.035417,-81.211389,,,,,,,,,,,,,,,,,,
,-5.005417,-81.150556,,,,,,,,,,,,,,,,,,
,-5.005972,-81.149444,,,,,,,,,,,,,,,,,,
,-5.005972,-81.149167,,,,,,,,,,,,,,,,,,
,-5.005694,-81.149722,,,,,,,,,,,,,,,,,,
,-5.005417,-81.149722,,,,,,,,,,,,,,,,,,
,-5.004861,-81.149722,,,,,,,,,,,,,,,,,,
,-5.018194,-81.1325,,,,,,,,,,,,,,,,,,
,-5.018194,-81.132222,,,,,,,,,,,,,,,,,,
,-5.018194,-81.1325,,,,,,,,,,,,,,,,,,
,-5.018194,-81.132222,,,,,,,,,,,,,,,,,,
,-5.017917,-81.1325,,,,,,,,,,,,,,,,,,
,-5.017639,-81.132778,,,,,,,,,,,,,,,,,,
,-5.012639,-81.143333,,,,,,,,,,,,,,,,,,
,-5.013472,-81.143611,,,,,,,,,,,,,,,,,,
,-5.014306,-81.143611,,,,,,,,,,,,,,,,,,
,-5.014583,-81.143333,,,,,,,,,,,,,,,,,,
,-5.014861,-81.143611,,,,,,,,,,,,,,,,,,
,-5.014861,-81.143333,,,,,,,,,,,,,,,,,,
,-5.014861,-81.143611,,,,,,,,,,,,,,,,,,
